#           k/h    P           
   0.100000E-03   0.141282E-01
   0.102020E-03   0.144044E-01
   0.104081E-03   0.146859E-01
   0.106184E-03   0.149730E-01
   0.108329E-03   0.152657E-01
   0.110517E-03   0.155642E-01
   0.112750E-03   0.158684E-01
   0.115027E-03   0.161787E-01
   0.117351E-03   0.164949E-01
   0.119722E-03   0.168174E-01
   0.122140E-03   0.171461E-01
   0.124608E-03   0.174813E-01
   0.127125E-03   0.178230E-01
   0.129693E-03   0.181715E-01
   0.132313E-03   0.185267E-01
   0.134986E-03   0.188888E-01
   0.137713E-03   0.192581E-01
   0.140495E-03   0.196345E-01
   0.143333E-03   0.200183E-01
   0.146228E-03   0.204096E-01
   0.149182E-03   0.208086E-01
   0.152196E-03   0.212154E-01
   0.155271E-03   0.216301E-01
   0.158407E-03   0.220529E-01
   0.161607E-03   0.224839E-01
   0.164872E-03   0.229234E-01
   0.168203E-03   0.233715E-01
   0.171601E-03   0.238283E-01
   0.175067E-03   0.242941E-01
   0.178604E-03   0.247689E-01
   0.182212E-03   0.252531E-01
   0.185893E-03   0.257467E-01
   0.189648E-03   0.262499E-01
   0.193479E-03   0.267630E-01
   0.197388E-03   0.272861E-01
   0.201375E-03   0.278194E-01
   0.205443E-03   0.283631E-01
   0.209594E-03   0.289174E-01
   0.213828E-03   0.294826E-01
   0.218147E-03   0.300588E-01
   0.222554E-03   0.306463E-01
   0.227050E-03   0.312452E-01
   0.231637E-03   0.318558E-01
   0.236316E-03   0.324784E-01
   0.241090E-03   0.331131E-01
   0.245960E-03   0.337602E-01
   0.250929E-03   0.344199E-01
   0.255998E-03   0.350925E-01
   0.261170E-03   0.357783E-01
   0.266446E-03   0.364774E-01
   0.271828E-03   0.371902E-01
   0.277319E-03   0.379169E-01
   0.282922E-03   0.386578E-01
   0.288637E-03   0.394131E-01
   0.294468E-03   0.401832E-01
   0.300417E-03   0.409683E-01
   0.306485E-03   0.417687E-01
   0.312677E-03   0.425847E-01
   0.318993E-03   0.434167E-01
   0.325437E-03   0.442648E-01
   0.332012E-03   0.451296E-01
   0.338719E-03   0.460111E-01
   0.345561E-03   0.469099E-01
   0.352542E-03   0.478262E-01
   0.359664E-03   0.487604E-01
   0.366930E-03   0.497128E-01
   0.374342E-03   0.506837E-01
   0.381904E-03   0.516736E-01
   0.389619E-03   0.526827E-01
   0.397490E-03   0.537115E-01
   0.405520E-03   0.547604E-01
   0.413712E-03   0.558297E-01
   0.422070E-03   0.569198E-01
   0.430596E-03   0.580311E-01
   0.439295E-03   0.591641E-01
   0.448169E-03   0.603191E-01
   0.457222E-03   0.614966E-01
   0.466459E-03   0.626970E-01
   0.475882E-03   0.639208E-01
   0.485496E-03   0.651684E-01
   0.495303E-03   0.664402E-01
   0.505309E-03   0.677368E-01
   0.515517E-03   0.690586E-01
   0.525931E-03   0.704060E-01
   0.536556E-03   0.717797E-01
   0.547395E-03   0.731800E-01
   0.558453E-03   0.746075E-01
   0.569734E-03   0.760627E-01
   0.581244E-03   0.775462E-01
   0.592986E-03   0.790585E-01
   0.604965E-03   0.806001E-01
   0.617186E-03   0.821715E-01
   0.629654E-03   0.837735E-01
   0.642374E-03   0.854064E-01
   0.655350E-03   0.870710E-01
   0.668589E-03   0.887679E-01
   0.682096E-03   0.904976E-01
   0.695875E-03   0.922607E-01
   0.709933E-03   0.940579E-01
   0.724274E-03   0.958899E-01
   0.738906E-03   0.977573E-01
   0.753832E-03   0.996607E-01
   0.769061E-03   0.101601E+00
   0.784597E-03   0.103578E+00
   0.800447E-03   0.105594E+00
   0.816617E-03   0.107649E+00
   0.833114E-03   0.109743E+00
   0.849944E-03   0.111877E+00
   0.867114E-03   0.114053E+00
   0.884631E-03   0.116270E+00
   0.902501E-03   0.118530E+00
   0.920733E-03   0.120833E+00
   0.939333E-03   0.123181E+00
   0.958309E-03   0.125573E+00
   0.977668E-03   0.128011E+00
   0.997418E-03   0.130496E+00
   0.101757E-02   0.133029E+00
   0.103812E-02   0.135609E+00
   0.105910E-02   0.138239E+00
   0.108049E-02   0.140920E+00
   0.110232E-02   0.143651E+00
   0.112459E-02   0.146434E+00
   0.114730E-02   0.149270E+00
   0.117048E-02   0.152159E+00
   0.119413E-02   0.155104E+00
   0.121825E-02   0.158104E+00
   0.124286E-02   0.161161E+00
   0.126797E-02   0.164276E+00
   0.129358E-02   0.167449E+00
   0.131971E-02   0.170682E+00
   0.134637E-02   0.173976E+00
   0.137357E-02   0.177331E+00
   0.140132E-02   0.180750E+00
   0.142963E-02   0.184232E+00
   0.145851E-02   0.187779E+00
   0.148797E-02   0.191393E+00
   0.151803E-02   0.195073E+00
   0.154870E-02   0.198822E+00
   0.157998E-02   0.202640E+00
   0.161190E-02   0.206528E+00
   0.164446E-02   0.210488E+00
   0.167768E-02   0.214521E+00
   0.171158E-02   0.218628E+00
   0.174615E-02   0.222810E+00
   0.178143E-02   0.227068E+00
   0.181741E-02   0.231403E+00
   0.185413E-02   0.235817E+00
   0.189158E-02   0.240311E+00
   0.192980E-02   0.244885E+00
   0.196878E-02   0.249541E+00
   0.200855E-02   0.254281E+00
   0.204913E-02   0.259105E+00
   0.209052E-02   0.264014E+00
   0.213276E-02   0.269010E+00
   0.217584E-02   0.274094E+00
   0.221979E-02   0.279267E+00
   0.226464E-02   0.284529E+00
   0.231039E-02   0.289883E+00
   0.235706E-02   0.295329E+00
   0.240467E-02   0.300869E+00
   0.245325E-02   0.306503E+00
   0.250281E-02   0.312232E+00
   0.255337E-02   0.318058E+00
   0.260495E-02   0.323981E+00
   0.265758E-02   0.330003E+00
   0.271126E-02   0.336124E+00
   0.276603E-02   0.342345E+00
   0.282191E-02   0.348667E+00
   0.287892E-02   0.355091E+00
   0.293708E-02   0.361618E+00
   0.299641E-02   0.368248E+00
   0.305694E-02   0.374981E+00
   0.311870E-02   0.381820E+00
   0.318170E-02   0.388763E+00
   0.324597E-02   0.395812E+00
   0.331155E-02   0.402967E+00
   0.337844E-02   0.410228E+00
   0.344669E-02   0.417596E+00
   0.351632E-02   0.425070E+00
   0.358735E-02   0.432650E+00
   0.365982E-02   0.440337E+00
   0.373376E-02   0.448130E+00
   0.380918E-02   0.456030E+00
   0.388613E-02   0.464034E+00
   0.396464E-02   0.472144E+00
   0.404473E-02   0.480358E+00
   0.412644E-02   0.488676E+00
   0.420980E-02   0.497096E+00
   0.429484E-02   0.505617E+00
   0.438160E-02   0.514239E+00
   0.447012E-02   0.522959E+00
   0.456042E-02   0.531776E+00
   0.465255E-02   0.540688E+00
   0.474653E-02   0.549693E+00
   0.484242E-02   0.558789E+00
   0.494024E-02   0.567973E+00
   0.504004E-02   0.577243E+00
   0.514186E-02   0.586596E+00
   0.524573E-02   0.596028E+00
   0.535170E-02   0.605537E+00
   0.545981E-02   0.615117E+00
   0.557011E-02   0.624767E+00
   0.568263E-02   0.634481E+00
   0.579743E-02   0.644256E+00
   0.591455E-02   0.654085E+00
   0.603403E-02   0.663965E+00
   0.615592E-02   0.673890E+00
   0.628028E-02   0.683855E+00
   0.640715E-02   0.693853E+00
   0.653658E-02   0.703879E+00
   0.666863E-02   0.713926E+00
   0.680335E-02   0.723987E+00
   0.694078E-02   0.734055E+00
   0.708100E-02   0.744122E+00
   0.722404E-02   0.754182E+00
   0.736998E-02   0.764226E+00
   0.751886E-02   0.774245E+00
   0.767075E-02   0.784231E+00
   0.782571E-02   0.794176E+00
   0.798380E-02   0.804069E+00
   0.814509E-02   0.813901E+00
   0.830963E-02   0.823664E+00
   0.847750E-02   0.833345E+00
   0.864875E-02   0.842935E+00
   0.882347E-02   0.852424E+00
   0.900171E-02   0.861801E+00
   0.918356E-02   0.871053E+00
   0.936908E-02   0.880171E+00
   0.955835E-02   0.889141E+00
   0.975144E-02   0.897953E+00
   0.994843E-02   0.906595E+00
   0.101494E-01   0.915053E+00
   0.103544E-01   0.923316E+00
   0.105636E-01   0.931370E+00
   0.107770E-01   0.939203E+00
   0.109947E-01   0.946802E+00
   0.112168E-01   0.954153E+00
   0.114434E-01   0.961243E+00
   0.116746E-01   0.968058E+00
   0.119104E-01   0.974585E+00
   0.121510E-01   0.980809E+00
   0.123965E-01   0.986716E+00
   0.126469E-01   0.992293E+00
   0.129024E-01   0.997525E+00
   0.131631E-01   0.100240E+01
   0.134290E-01   0.100690E+01
   0.137003E-01   0.101101E+01
   0.139770E-01   0.101471E+01
   0.142594E-01   0.101800E+01
   0.145474E-01   0.102086E+01
   0.148413E-01   0.102327E+01
   0.151411E-01   0.102522E+01
   0.154470E-01   0.102670E+01
   0.157590E-01   0.102769E+01
   0.160774E-01   0.102817E+01
   0.164022E-01   0.102815E+01
   0.167335E-01   0.102759E+01
   0.170716E-01   0.102650E+01
   0.174164E-01   0.102486E+01
   0.177683E-01   0.102267E+01
   0.181272E-01   0.101990E+01
   0.184934E-01   0.101656E+01
   0.188670E-01   0.101263E+01
   0.192481E-01   0.100812E+01
   0.196370E-01   0.100301E+01
   0.200337E-01   0.997309E+00
   0.204384E-01   0.991004E+00
   0.208513E-01   0.984098E+00
   0.212725E-01   0.976590E+00
   0.217022E-01   0.968483E+00
   0.221406E-01   0.959778E+00
   0.225879E-01   0.950480E+00
   0.230442E-01   0.940594E+00
   0.235097E-01   0.930126E+00
   0.239847E-01   0.919083E+00
   0.244692E-01   0.907475E+00
   0.249635E-01   0.895314E+00
   0.254678E-01   0.882611E+00
   0.259823E-01   0.869381E+00
   0.265072E-01   0.855641E+00
   0.270426E-01   0.841411E+00
   0.275889E-01   0.826711E+00
   0.281463E-01   0.811567E+00
   0.287149E-01   0.796005E+00
   0.292949E-01   0.780055E+00
   0.298867E-01   0.763750E+00
   0.304905E-01   0.747125E+00
   0.311064E-01   0.730217E+00
   0.317348E-01   0.713065E+00
   0.323759E-01   0.695711E+00
   0.330299E-01   0.678196E+00
   0.336972E-01   0.660561E+00
   0.343779E-01   0.642848E+00
   0.350724E-01   0.625099E+00
   0.357809E-01   0.607355E+00
   0.365038E-01   0.589655E+00
   0.372412E-01   0.572040E+00
   0.379935E-01   0.554546E+00
   0.387610E-01   0.537212E+00
   0.395440E-01   0.520074E+00
   0.403429E-01   0.503169E+00
   0.411579E-01   0.486529E+00
   0.419893E-01   0.470188E+00
   0.428375E-01   0.454176E+00
   0.437029E-01   0.438518E+00
   0.445858E-01   0.423238E+00
   0.454865E-01   0.408353E+00
   0.464053E-01   0.393875E+00
   0.473428E-01   0.379811E+00
   0.482992E-01   0.366164E+00
   0.492749E-01   0.352930E+00
   0.502703E-01   0.340105E+00
   0.512858E-01   0.327677E+00
   0.523219E-01   0.315633E+00
   0.533789E-01   0.303956E+00
   0.544572E-01   0.292625E+00
   0.555573E-01   0.281617E+00
   0.566796E-01   0.270900E+00
   0.578246E-01   0.260443E+00
   0.589927E-01   0.250209E+00
   0.601845E-01   0.240161E+00
   0.614003E-01   0.230263E+00
   0.626407E-01   0.220480E+00
   0.639061E-01   0.210777E+00
   0.651971E-01   0.201128E+00
   0.665142E-01   0.191506E+00
   0.678578E-01   0.181890E+00
   0.692287E-01   0.172267E+00
   0.706272E-01   0.162629E+00
   0.720539E-01   0.152977E+00
   0.735095E-01   0.143325E+00
   0.749945E-01   0.133695E+00
   0.765095E-01   0.124121E+00
   0.780551E-01   0.114647E+00
   0.796319E-01   0.105321E+00
   0.812406E-01   0.961997E-01
   0.828817E-01   0.873434E-01
   0.845561E-01   0.788157E-01
   0.862642E-01   0.706800E-01
   0.880068E-01   0.629953E-01
   0.897847E-01   0.558133E-01
   0.915985E-01   0.491752E-01
   0.934489E-01   0.431103E-01
   0.953367E-01   0.376354E-01
   0.972626E-01   0.327538E-01
   0.992274E-01   0.284549E-01
   0.101232E+00   0.247148E-01
   0.103277E+00   0.214982E-01
   0.105363E+00   0.187616E-01
   0.107492E+00   0.164558E-01
   0.109663E+00   0.145278E-01
   0.111879E+00   0.129230E-01
   0.114139E+00   0.115866E-01
   0.116445E+00   0.104659E-01
   0.118797E+00   0.951152E-02
   0.121197E+00   0.867783E-02
   0.123645E+00   0.792368E-02
   0.126143E+00   0.721391E-02
   0.128691E+00   0.652116E-02
   0.131291E+00   0.582716E-02
   0.133943E+00   0.512341E-02
   0.136649E+00   0.441163E-02
   0.139409E+00   0.370336E-02
   0.142226E+00   0.301768E-02
   0.145099E+00   0.237724E-02
   0.148030E+00   0.180419E-02
   0.151020E+00   0.131617E-02
   0.154071E+00   0.922804E-03
   0.157184E+00   0.624104E-03
   0.160359E+00   0.411417E-03
   0.163598E+00   0.270049E-03
   0.166903E+00   0.182805E-03
   0.170275E+00   0.133622E-03
   0.173715E+00   0.109936E-03
   0.177224E+00   0.103085E-03
   0.180804E+00   0.107178E-03
   0.184457E+00   0.117325E-03
   0.188183E+00   0.128213E-03
   0.191985E+00   0.134082E-03
   0.195863E+00   0.130138E-03
   0.199820E+00   0.114399E-03
   0.203856E+00   0.889000E-04
   0.207974E+00   0.592103E-04
   0.212176E+00   0.321329E-04
   0.216462E+00   0.128507E-04
   0.220835E+00   0.287102E-05
   0.225296E+00   0.329298E-07
   0.229847E+00   0.438562E-06
   0.234490E+00   0.863584E-06
   0.239227E+00   0.394884E-06
   0.244060E+00   0.877129E-08
   0.248990E+00   0.936349E-06
   0.254020E+00   0.314775E-05
   0.259152E+00   0.524355E-05
   0.264387E+00   0.569320E-05
   0.269728E+00   0.419343E-05
   0.275177E+00   0.188910E-05
   0.280736E+00   0.304292E-06
   0.286407E+00   0.606182E-07
   0.292193E+00   0.517795E-06
   0.298096E+00   0.767155E-06
   0.304118E+00   0.470598E-06
   0.310261E+00   0.664923E-07
   0.316529E+00   0.498170E-07
   0.322923E+00   0.353313E-06
   0.329447E+00   0.534099E-06
   0.336102E+00   0.373575E-06
   0.342892E+00   0.962684E-07
   0.349819E+00   0.798278E-09
   0.356885E+00   0.826621E-07
   0.364095E+00   0.129954E-06
   0.371450E+00   0.648979E-07
   0.378954E+00   0.249919E-08
   0.386609E+00   0.220360E-07
   0.394419E+00   0.588561E-07
   0.402387E+00   0.425087E-07
   0.410516E+00   0.636311E-08
   0.418809E+00   0.310644E-08
   0.427269E+00   0.159236E-07
   0.435901E+00   0.116299E-07
   0.444706E+00   0.851585E-09
   0.453690E+00   0.250921E-08
   0.462855E+00   0.662892E-08
   0.472206E+00   0.305936E-08
   0.481745E+00   0.279177E-12
   0.491477E+00   0.142315E-08
   0.501405E+00   0.153888E-08
   0.511534E+00   0.133928E-09
   0.521868E+00   0.305104E-09
   0.532411E+00   0.629827E-09
   0.543166E+00   0.119821E-09
   0.554139E+00   0.601108E-10
   0.565333E+00   0.204035E-09
   0.576753E+00   0.429169E-10
   0.588404E+00   0.120538E-10
   0.600291E+00   0.498857E-10
   0.612418E+00   0.242777E-11
   0.624789E+00   0.189775E-10
   0.637411E+00   0.225490E-10
   0.650288E+00   0.729353E-12
   0.663424E+00   0.240067E-11
   0.676826E+00   0.442817E-11
   0.690499E+00   0.134684E-11
   0.704448E+00   0.577559E-12
   0.718679E+00   0.233908E-12
   0.733197E+00   0.539355E-13
   0.748009E+00   0.185329E-13
   0.763119E+00   0.345069E-13
   0.778536E+00   0.229301E-12
   0.794263E+00   0.120338E-11
   0.810308E+00   0.198860E-11
   0.826677E+00   0.880444E-12
   0.843378E+00   0.157985E-12
   0.860415E+00   0.632545E-13
   0.877797E+00   0.229312E-12
   0.895529E+00   0.238289E-11
   0.913620E+00   0.113997E-10
   0.932076E+00   0.188731E-10
   0.950906E+00   0.215951E-10
   0.970115E+00   0.241141E-10
   0.989713E+00   0.237638E-10
   0.100971E+01   0.201524E-10
   0.103010E+01   0.183724E-10
   0.105091E+01   0.216928E-10
   0.107214E+01   0.276820E-10
   0.109380E+01   0.290728E-10
   0.111590E+01   0.250365E-10
   0.113844E+01   0.208596E-10
   0.116144E+01   0.195311E-10
   0.118490E+01   0.233340E-10
   0.120884E+01   0.343824E-10
   0.123326E+01   0.413145E-10
   0.125817E+01   0.292919E-10
   0.128359E+01   0.182298E-10
   0.130952E+01   0.174697E-10
   0.133597E+01   0.236940E-10
   0.136296E+01   0.282161E-10
   0.139049E+01   0.248263E-10
   0.141858E+01   0.197029E-10
   0.144724E+01   0.163003E-10
   0.147648E+01   0.135692E-10
   0.150630E+01   0.107952E-10
   0.153673E+01   0.816902E-11
   0.156778E+01   0.595990E-11
   0.159945E+01   0.443479E-11
   0.163176E+01   0.363759E-11
   0.166472E+01   0.304743E-11
   0.169835E+01   0.201528E-11
   0.173266E+01   0.105664E-11
   0.176766E+01   0.828705E-12
   0.180337E+01   0.154350E-11
   0.183980E+01   0.308065E-11
   0.187697E+01   0.233218E-11
   0.191489E+01   0.100822E-11
   0.195357E+01   0.868685E-12
   0.199304E+01   0.166280E-11
   0.203330E+01   0.205835E-11
   0.207437E+01   0.979306E-12
   0.211628E+01   0.644769E-12
   0.215903E+01   0.147218E-11
   0.220265E+01   0.160232E-11
   0.224714E+01   0.742466E-13
   0.229254E+01   0.118457E-14
   0.233885E+01   0.676382E-15
   0.238610E+01   0.199933E-13
   0.243430E+01   0.311851E-12
   0.248348E+01   0.166264E-12
   0.253365E+01   0.233071E-13
   0.258483E+01   0.797195E-14
   0.263705E+01   0.704935E-14
   0.269032E+01   0.919274E-14
   0.274466E+01   0.116345E-13
   0.280011E+01   0.104218E-13
   0.285668E+01   0.822206E-14
   0.291439E+01   0.129831E-13
   0.297326E+01   0.426655E-13
   0.303332E+01   0.498030E-13
   0.309460E+01   0.581973E-14
   0.315712E+01   0.589468E-15
   0.322090E+01   0.819127E-15
   0.328596E+01   0.514207E-14
   0.335234E+01   0.556563E-14
   0.342006E+01   0.699450E-15
   0.348916E+01   0.176390E-15
   0.355964E+01   0.450792E-15
   0.363155E+01   0.274221E-14
   0.370491E+01   0.786487E-14
   0.377976E+01   0.612253E-14
   0.385611E+01   0.112637E-14
   0.393401E+01   0.129906E-15
   0.401348E+01   0.450381E-16
   0.409456E+01   0.590200E-16
   0.417727E+01   0.830351E-16
   0.426166E+01   0.620882E-16
   0.434775E+01   0.478403E-16
   0.443558E+01   0.748778E-16
   0.452519E+01   0.228522E-15
   0.461660E+01   0.107220E-14
   0.470987E+01   0.633801E-14
   0.480501E+01   0.391198E-13
   0.490208E+01   0.156295E-12
   0.500111E+01   0.183027E-12
   0.510214E+01   0.519451E-13
   0.520521E+01   0.110085E-13
   0.531036E+01   0.490504E-14
   0.541763E+01   0.414874E-14
   0.552708E+01   0.463712E-14
   0.563873E+01   0.792141E-14
   0.575264E+01   0.308315E-13
   0.586885E+01   0.183684E-12
   0.598741E+01   0.476411E-12
   0.610836E+01   0.281847E-12
   0.623176E+01   0.785682E-13
   0.635765E+01   0.236611E-13
   0.648609E+01   0.131092E-13
   0.661711E+01   0.191275E-13
   0.675079E+01   0.435153E-13
   0.688716E+01   0.579685E-13
   0.702629E+01   0.388064E-13
   0.716823E+01   0.270956E-13
   0.731304E+01   0.279485E-13
   0.746077E+01   0.250244E-13
   0.761149E+01   0.130116E-13
   0.776525E+01   0.728556E-14
   0.792212E+01   0.947272E-14
   0.808217E+01   0.199173E-13
   0.824543E+01   0.261088E-13
   0.841200E+01   0.150655E-13
   0.858193E+01   0.514347E-14
   0.875530E+01   0.167539E-14
   0.893217E+01   0.114393E-14
   0.911261E+01   0.238028E-14
   0.929670E+01   0.329688E-14
   0.948451E+01   0.568220E-15
   0.967610E+01   0.527439E-16
   0.987158E+01   0.542868E-16
   0.100710E+02   0.546533E-15
   0.102744E+02   0.180157E-14
   0.104820E+02   0.449115E-15
   0.106938E+02   0.129879E-15
   0.109098E+02   0.379120E-15
   0.111302E+02   0.115131E-14
   0.113550E+02   0.196612E-15
   0.115844E+02   0.956538E-17
   0.118184E+02   0.636016E-17
   0.120572E+02   0.629605E-16
   0.123007E+02   0.208121E-15
   0.125492E+02   0.448715E-16
   0.128027E+02   0.128840E-16
   0.130614E+02   0.563332E-16
   0.133252E+02   0.427768E-15
   0.135944E+02   0.300890E-15
   0.138691E+02   0.417414E-16
   0.141492E+02   0.154195E-16
   0.144351E+02   0.314098E-16
   0.147267E+02   0.107920E-15
   0.150242E+02   0.192219E-15
   0.153277E+02   0.650139E-16
   0.156373E+02   0.314108E-17
   0.159532E+02   0.271449E-18
   0.162755E+02   0.659248E-18
   0.166043E+02   0.107386E-16
   0.169397E+02   0.365192E-16
   0.172819E+02   0.131733E-16
   0.176310E+02   0.420022E-17
   0.179872E+02   0.401553E-17
   0.183505E+02   0.543714E-17
   0.187212E+02   0.460413E-17
   0.190994E+02   0.201133E-17
   0.194853E+02   0.482029E-18
   0.198789E+02   0.157784E-18
   0.202805E+02   0.257203E-18
   0.206902E+02   0.241996E-17
