# k_h
1.144856469181831926e-05
1.253334630746394396e-05
1.372091446683043614e-05
1.502100803918438032e-05
1.644428812141995877e-05
1.800242898752912879e-05
1.970820630958769470e-05
2.157561175408773124e-05
2.361995757382828742e-05
2.585801121313124895e-05
2.830812627507839352e-05
3.099039895460009575e-05
3.392681901459582150e-05
3.714147533173672855e-05
4.066072870045900345e-05
4.451344284461811185e-05
4.873120997217483819e-05
5.334861998562701046e-05
5.840354424435645342e-05
6.393743387889117002e-05
6.999567995080724359e-05
7.662795542273670435e-05
8.388865535380318761e-05
9.183733345707878470e-05
1.005391677608713508e-04
1.100655208574607968e-04
1.204945219797082245e-04
1.319117000093683600e-04
1.444106746930629015e-04
1.580939715495333076e-04
1.730738003971055150e-04
1.894730085041373968e-04
2.074260701192542911e-04
2.270802506245672703e-04
2.485967124812304974e-04
2.721518976613879204e-04
2.979390264954417944e-04
3.261695383116602898e-04
3.570749831851571798e-04
3.909087681677192450e-04
4.279484273865818977e-04
4.684976593125611544e-04
5.128890625201165676e-04
5.614866968244314194e-04
6.146890227682888508e-04
6.729324813932180405e-04
7.366946083493530750e-04
8.064983994700014591e-04
8.829162688925862312e-04
9.665748802945017815e-04
1.058160443790256977e-03
1.158423954620957375e-03
1.268187770619988441e-03
1.388351898640394211e-03
1.519901910796761513e-03
1.663916627876460552e-03
1.821577199734747410e-03
1.994176534935832024e-03
2.183130010962486267e-03
2.389987464994192123e-03
2.616445068269968033e-03
2.864360110834240913e-03
3.135765902698040009e-03
3.432888071984052658e-03
3.758163424208760262e-03
4.114259500056505203e-03
4.504096694290637970e-03
4.930871538817882538e-03
5.398084875196218491e-03
5.909567698836326599e-03
6.469515152275562286e-03
7.082518655806779861e-03
7.753606420010328293e-03
8.488280698657035828e-03
9.292568080127239227e-03
1.017306372523307800e-02
1.113698910921812057e-02
1.219224836677312851e-02
1.334749627858400345e-02
1.461220718920230865e-02
1.599675230681896210e-02
1.751248724758625031e-02
1.917184144258499146e-02
2.098842523992061615e-02
2.297713421285152435e-02
2.515427954494953156e-02
2.753771282732486725e-02
3.014698438346385956e-02
3.300349414348602295e-02
3.613066300749778748e-02
3.955413773655891418e-02
4.330199584364891052e-02
4.740497842431068420e-02
5.189672484993934631e-02
5.628798529505729675e-02
6.067924946546554565e-02
6.507050991058349609e-02
6.946177035570144653e-02
7.385303080081939697e-02
7.824429124593734741e-02
8.263555914163589478e-02
8.702681958675384521e-02
9.141808003187179565e-02
9.580934047698974609e-02
1.002006009221076965e-01
1.045918613672256470e-01
1.089831218123435974e-01
1.148545295000076294e-01
1.207259297370910645e-01
1.265973299741744995e-01
1.324687451124191284e-01
1.383401453495025635e-01
1.442115455865859985e-01
1.500829458236694336e-01
1.559543609619140625e-01
1.618257611989974976e-01
1.676971614360809326e-01
1.735685616731643677e-01
1.794399768114089966e-01
1.853113770484924316e-01
1.911827772855758667e-01
1.970541775226593018e-01
2.029255777597427368e-01
2.087969928979873657e-01
2.146683931350708008e-01
2.205397933721542358e-01
2.264111936092376709e-01
2.322826087474822998e-01
2.381540089845657349e-01
2.440254092216491699e-01
2.498968094587326050e-01
2.557682096958160400e-01
2.616396248340606689e-01
2.675110399723052979e-01
2.733824253082275391e-01
2.792538404464721680e-01
2.851252257823944092e-01
2.909966409206390381e-01
2.968680560588836670e-01
3.027394413948059082e-01
3.086108565330505371e-01
3.144822418689727783e-01
3.203536570072174072e-01
3.262250721454620361e-01
3.320964574813842773e-01
3.379678726196289062e-01
3.438392877578735352e-01
3.497106730937957764e-01
3.555820882320404053e-01
3.614534735679626465e-01
3.673248887062072754e-01
3.731963038444519043e-01
3.790676891803741455e-01
3.849391043186187744e-01
3.908104896545410156e-01
3.966819047927856445e-01
4.025533199310302734e-01
4.084247052669525146e-01
4.142961204051971436e-01
4.201675355434417725e-01
4.260389208793640137e-01
4.319103360176086426e-01
4.377817213535308838e-01
4.436531364917755127e-01
4.495245516300201416e-01
4.553959369659423828e-01
4.612673521041870117e-01
4.671387672424316406e-01
4.730101525783538818e-01
4.788815677165985107e-01
4.847529530525207520e-01
4.906243681907653809e-01
4.964957833290100098e-01
5.023671984672546387e-01
5.082385540008544922e-01
5.141099691390991211e-01
5.199813842773437500e-01
5.258527994155883789e-01
5.317242145538330078e-01
5.375955700874328613e-01
5.434669852256774902e-01
5.493384003639221191e-01
5.552098155021667480e-01
5.610812306404113770e-01
5.669526457786560059e-01
5.728240013122558594e-01
5.786954164505004883e-01
5.845668315887451172e-01
5.904382467269897461e-01
5.963096618652343750e-01
6.021810173988342285e-01
6.080524325370788574e-01
6.139238476753234863e-01
6.197952628135681152e-01
6.256666779518127441e-01
6.315380334854125977e-01
6.374094486236572266e-01
6.432808637619018555e-01
6.491522789001464844e-01
6.550236940383911133e-01
6.608950495719909668e-01
6.667664647102355957e-01
6.726378798484802246e-01
6.785092949867248535e-01
6.843807101249694824e-01
6.902520656585693359e-01
6.961234807968139648e-01
7.019948959350585938e-01
7.078663110733032227e-01
7.137377262115478516e-01
7.196091413497924805e-01
7.254804968833923340e-01
7.313519120216369629e-01
7.372233271598815918e-01
7.430947422981262207e-01
7.489661574363708496e-01
7.548375129699707031e-01
7.607089281082153320e-01
7.665803432464599609e-01
7.724517583847045898e-01
7.783231735229492188e-01
7.841945290565490723e-01
7.900659441947937012e-01
7.959373593330383301e-01
8.018087744712829590e-01
8.076801896095275879e-01
8.135515451431274414e-01
8.194229602813720703e-01
8.252943754196166992e-01
8.311657905578613281e-01
8.786111474037170410e-01
9.287648200988769531e-01
9.614624381065368652e-01
1.172486424446105957e+00
1.429826259613037109e+00
1.743647813796997070e+00
2.126347541809082031e+00
2.593043088912963867e+00
3.162169933319091797e+00
3.856209993362426758e+00
4.702579498291015625e+00
5.734712123870849609e+00
6.993379592895507812e+00
8.528302192687988281e+00
1.040011310577392578e+01
1.268275356292724609e+01
1.546639251708984375e+01
1.886099052429199219e+01
