# k_h
8.981498103821650147e-05
1.480798673583194613e-04
2.441424294374883175e-04
4.025228263344615698e-04
6.636479520238935947e-04
1.094170496799051762e-03
1.803982071578502655e-03
2.974263625219464302e-03
4.903731867671012878e-03
5.556656047701835632e-03
6.296516396105289459e-03
7.134887855499982834e-03
8.084886707365512848e-03
9.161377325654029846e-03
1.038120035082101822e-02
1.176344137638807297e-02
1.332972478121519089e-02
1.510455738753080368e-02
1.711570657789707184e-02
1.939463615417480469e-02
2.197700180113315582e-02
2.490320429205894470e-02
2.821902744472026825e-02
3.197634965181350708e-02
3.623395040631294250e-02
4.105844348669052124e-02
4.652531072497367859e-02
5.272008478641510010e-02
5.973968282341957092e-02
6.769392639398574829e-02
7.670727372169494629e-02
8.568876981735229492e-02
9.467026591300964355e-02
1.036517694592475891e-01
1.126332655549049377e-01
1.216147616505622864e-01
1.305962651968002319e-01
1.395777612924575806e-01
1.485592573881149292e-01
1.575407534837722778e-01
1.665222495794296265e-01
1.755037456750869751e-01
1.844852417707443237e-01
1.934667527675628662e-01
2.024482488632202148e-01
2.114297449588775635e-01
2.204112410545349121e-01
2.293927371501922607e-01
2.383742332458496094e-01
2.473557293415069580e-01
2.563372254371643066e-01
2.653187215328216553e-01
2.813938856124877930e-01
2.984429895877838135e-01
3.165250718593597412e-01
3.357027173042297363e-01
3.560422956943511963e-01
3.776142001152038574e-01
4.004931151866912842e-01
4.247582256793975830e-01
4.504934847354888916e-01
4.777880311012268066e-01
5.067362785339355469e-01
5.374384522438049316e-01
7.500557899475097656e-01
1.046787142753601074e+00
1.460909128189086914e+00
2.038862943649291992e+00
2.845462560653686523e+00
3.971162796020507812e+00
5.542203903198242188e+00
7.734768867492675781e+00
1.079473972320556641e+01
1.506527233123779297e+01
2.102528190612792969e+01
2.934314537048339844e+01
4.095165634155273438e+01
5.715264129638671875e+01
7.976293945312500000e+01
1.113181457519531250e+02
