# k_h
1.052297466230811212e-05
1.127659621002771510e-05
1.208418970535844199e-05
1.294962044532869369e-05
1.387703054708881080e-05
1.487085877287638534e-05
1.593586177478198654e-05
1.707713686099631385e-05
1.830014639250274547e-05
1.961074392698243160e-05
2.101520223506161121e-05
2.252024332299232726e-05
2.413307060546090134e-05
2.586140338250901094e-05
2.771351378558134095e-05
2.969826636952962618e-05
3.182516054006874121e-05
3.410437601975048336e-05
3.654682157006393888e-05
3.916418720285569485e-05
4.196900013096394239e-05
4.497468472585621505e-05
4.819562676924099510e-05
5.164724230617177901e-05
5.534605142918921033e-05
5.930975734664559933e-05
6.355733111364820652e-05
6.810910243115988918e-05
7.298685694783809818e-05
7.821394053031953842e-05
8.381537100100543950e-05
8.981795787814763395e-05
9.625043069133377472e-05
1.031435764865143938e-04
1.105303871786969137e-04
1.184462174575646478e-04
1.269289540017886199e-04
1.360191968119216048e-04
1.457604535297719385e-04
1.561993476743030976e-04
1.673858417907187390e-04
1.793734765807659319e-04
1.922196271587807838e-04
2.059857776599653407e-04
2.207378155152272723e-04
2.365463468010321139e-04
2.534870341735997079e-04
2.716409590048563427e-04
2.910950094533988966e-04
3.119422963278504980e-04
3.342825987330110145e-04
3.582228416317472051e-04
3.838776076083310240e-04
4.113696852826142082e-04
4.408306569998653385e-04
4.724015286090552427e-04
5.062334043438367634e-04
5.424882100363257213e-04
5.813394681251241123e-04
6.229731281669180238e-04
6.675884568266474660e-04
7.153989916058965800e-04
7.666335628742477169e-04
8.215373890952223012e-04
8.803732504887784235e-04
9.434227467477359881e-04
1.010987644827796494e-03
1.083391323261951667e-03
1.160980319912028984e-03
1.244125990565216229e-03
1.333226286313936391e-03
1.428707658225933808e-03
1.531027098420701619e-03
1.640674327321220861e-03
1.758174137549637197e-03
1.884088905685181491e-03
2.019021283906111477e-03
2.163617084398365090e-03
2.318568370336292466e-03
2.484616768229449928e-03
2.662557017489014001e-03
2.853240774202692349e-03
3.057580687323766758e-03
3.276554766783641454e-03
3.511211064434552505e-03
3.762672690226299618e-03
4.032143187625431002e-03
4.320912294004598114e-03
4.630362113572462045e-03
4.961973732388932218e-03
5.317334307126526417e-03
5.698144661505948581e-03
6.106227426763930280e-03
6.543535765115128869e-03
7.012162717960322873e-03
7.514351223583108468e-03
8.052504852281797479e-03
8.629199310316837054e-03
9.247194767733959986e-03
9.909449069066262120e-03
1.061913189014418099e-02
1.137963990877070494e-02
1.219461306187135871e-02
1.306795196692898606e-02
1.400383659108547091e-02
1.500674625726453916e-02
1.608148108306848775e-02
1.723318495505970702e-02
1.846737014838617519e-02
1.978994370958535656e-02
2.120723572883937216e-02
2.272602963699814002e-02
2.435359467237754524e-02
2.609772067272537674e-02
2.796675535887553979e-02
2.996964428853763143e-02
3.211597367144804205e-02
3.441601625080458610e-02
3.688078047058133274e-02
3.952206316404839603e-02
4.235250601567349532e-02
4.538565606664347191e-02
4.863603055359592281e-02
5.211918639089221233e-02
5.585179462898667846e-02
5.985172024526503459e-02
6.413810764924494923e-02
6.873147231138404534e-02
7.365379895404755572e-02
7.892864677459746070e-02
8.458126220421971486e-02
9.063869974217537984e-02
9.712995144381238177e-02
1.040860856820906011e-01
1.115403958467609813e-01
1.195285596929006322e-01
1.280888101014769631e-01
1.372621180692321918e-01
1.470923888037163063e-01
1.576266718620122909e-01
1.689153863389208643e-01
1.810125621823976683e-01
1.939760987912245715e-01
2.078680421326132843e-01
2.227548817060792663e-01
2.387078687749097927e-01
2.558033573883487510e-01
2.741231698266877181e-01
2.937549882183590477e-01
3.147927742033835297e-01
3.373372186517621940e-01
3.614962235892505982e-01
3.873854186371055719e-01
4.151287144375790938e-01
4.448588957139708033e-01
4.767182568037238166e-01
5.108592827063569430e-01
5.474453789058555397e-01
5.866516534605907829e-01
6.286657551040001346e-01
6.736887713673392897e-01
7.219361910230862600e-01
7.736389354554554787e-01
8.290444638943316180e-01
8.884179578025050983e-01
9.520435900849035793e-01
1.020225885194501414e+00
1.093291176644634266e+00
1.171589168903639955e+00
1.255494611147384809e+00
1.345409090880530956e+00
1.441762956011192864e+00
1.545017374578387281e+00
1.655666541990527652e+00
1.774240046339228938e+00
1.901305403109272429e+00
2.037470771416314275e+00
2.183387864772825537e+00
2.339755070313676022e+00
2.507320791410624583e+00
2.686887029674088989e+00
2.879313223486340334e+00
3.085520361438085946e+00
3.306495390356130937e+00
3.543295939019749596e+00
3.797055380174475303e+00
4.068988255070943083e+00
4.360396086491763690e+00
4.672673608088651065e+00
5.007315439844608029e+00
5.365923241611208816e+00
5.750213378959193378e+00
6.162025138032524829e+00
6.603329528723947739e+00
7.076238718305514652e+00
7.583016140665389315e+00
8.126087329535620185e+00
8.708051527560785487e+00
9.331694126770766928e+00
1.000000000000000000e+01
