# k_h
1.052297466230811551e-05
1.162943772214930505e-05
1.285224243474658579e-05
1.420362150383880362e-05
1.569709456816781312e-05
1.734760371618904173e-05
1.917165718623436987e-05
2.118750671797897667e-05
2.341531762795057148e-05
2.587737617432139814e-05
2.859831329260487109e-05
3.160535197821445763e-05
3.492856922093778849e-05
3.860121796606108546e-05
4.266003452357836068e-05
4.714562237495556474e-05
5.210285962675698102e-05
5.758133920608088374e-05
6.363586726365610957e-05
7.032700523268431425e-05
7.772170647513121367e-05
8.589393837610259652e-05
9.492546087130904198e-05
1.049066195264458656e-04
1.159372695838101208e-04
1.281277654925361276e-04
1.416000741301104426e-04
1.564889389555901289e-04
1.729433424770832062e-04
1.911278668558225036e-04
2.112244692398235202e-04
2.334341552341356874e-04
2.579791471362113953e-04
2.851049648597836494e-04
3.150830161757767200e-04
3.482131578493863344e-04
3.848268534056842327e-04
4.252903745509684086e-04
4.700085264630615711e-04
5.194286932237446308e-04
5.740452324971556664e-04
6.344045978039503098e-04
7.011105190031230450e-04
7.748304633423686028e-04
8.563018054701387882e-04
9.463396854698657990e-04
1.045844866894185543e-03
1.155812642537057400e-03
1.277343253605067730e-03
1.411652541719377041e-03
1.560084056109189987e-03
1.724122790619730949e-03
1.905409735627472401e-03
2.105758525431156158e-03
2.327173482626676559e-03
2.571869641542434692e-03
2.842294983565807343e-03
3.141154767945408821e-03
3.471439005807042122e-03
3.836451563984155655e-03
4.239844158291816711e-03
4.685652907937765121e-03
5.178336519747972488e-03
5.722824949771165848e-03
6.324565038084983826e-03
6.989576388150453568e-03
7.724511902779340744e-03
8.536723442375659943e-03
9.434337727725505829e-03
1.042633317410945892e-02
1.152263488620519638e-02
1.273420918732881546e-02
1.407317817211151123e-02
1.555293519049882889e-02
1.718828454613685608e-02
1.899558864533901215e-02
2.099292352795600891e-02
2.320027537643909454e-02
2.563972212374210358e-02
2.833567187190055847e-02
3.131509199738502502e-02
3.460779041051864624e-02
3.824670985341072083e-02
4.226825013756752014e-02
4.649507626891136169e-02
5.072189867496490479e-02
5.494872480630874634e-02
5.917555093765258789e-02
6.340237706899642944e-02
6.762920320034027100e-02
7.185602933168411255e-02
7.608284801244735718e-02
8.030967414379119873e-02
8.453650027513504028e-02
8.876332640647888184e-02
9.403143823146820068e-02
9.929954260587692261e-02
1.045676544308662415e-01
1.098357588052749634e-01
1.151038706302642822e-01
1.203719750046730042e-01
1.256400793790817261e-01
1.309081912040710449e-01
1.361763030290603638e-01
1.414444148540496826e-01
1.467125117778778076e-01
1.519806236028671265e-01
1.572487354278564453e-01
1.625168472528457642e-01
1.677849590778350830e-01
1.730530560016632080e-01
1.783211678266525269e-01
1.835892796516418457e-01
1.888573914766311646e-01
1.941254884004592896e-01
1.993936002254486084e-01
2.046617120504379272e-01
2.099298238754272461e-01
2.151979207992553711e-01
2.204660326242446899e-01
2.257341444492340088e-01
2.310022562742233276e-01
2.362703680992126465e-01
2.415384650230407715e-01
2.468065768480300903e-01
2.520746886730194092e-01
2.573427855968475342e-01
2.626109123229980469e-01
2.678790092468261719e-01
2.731471061706542969e-01
2.784152328968048096e-01
2.836833298206329346e-01
2.889514565467834473e-01
2.942195534706115723e-01
2.994876503944396973e-01
3.047557771205902100e-01
3.100238740444183350e-01
3.152920007705688477e-01
3.205600976943969727e-01
3.258281946182250977e-01
3.310963213443756104e-01
3.363644182682037354e-01
3.416325151920318604e-01
3.469006419181823730e-01
3.521687388420104980e-01
3.574368655681610107e-01
3.627049624919891357e-01
3.679730594158172607e-01
3.732411861419677734e-01
3.785092830657958984e-01
3.837774097919464111e-01
3.890455067157745361e-01
3.943136036396026611e-01
3.995817303657531738e-01
4.048498272895812988e-01
4.101179242134094238e-01
4.153860509395599365e-01
4.206541478633880615e-01
4.259222745895385742e-01
4.311903715133666992e-01
4.364584684371948242e-01
4.417265951633453369e-01
4.469946920871734619e-01
4.522628188133239746e-01
4.575309157371520996e-01
4.627990126609802246e-01
4.680671393871307373e-01
4.733352363109588623e-01
4.786033332347869873e-01
4.838714599609375000e-01
4.891395568847656250e-01
4.944076836109161377e-01
4.996757805347442627e-01
5.049439072608947754e-01
5.102120041847229004e-01
5.154801011085510254e-01
5.207481980323791504e-01
5.260162949562072754e-01
5.312844514846801758e-01
5.365525484085083008e-01
5.418206453323364258e-01
5.470887422561645508e-01
5.523568391799926758e-01
5.576249957084655762e-01
5.628930926322937012e-01
5.681611895561218262e-01
5.734292864799499512e-01
5.786973834037780762e-01
5.839655399322509766e-01
5.892336368560791016e-01
5.945017337799072266e-01
5.997698307037353516e-01
6.050379276275634766e-01
6.103060841560363770e-01
6.155741810798645020e-01
6.208422780036926270e-01
6.261103749275207520e-01
6.313784718513488770e-01
6.819667220115661621e-01
7.366082668304443359e-01
7.853056788444519043e-01
9.725254774093627930e-01
1.204379200935363770e+00
1.491507768630981445e+00
1.847088813781738281e+00
2.287441730499267578e+00
2.832776546478271484e+00
3.508121013641357422e+00
4.344470500946044922e+00
5.380208492279052734e+00
6.662870407104492188e+00
8.251323699951171875e+00
1.021847057342529297e+01
1.265459251403808594e+01
1.567149448394775391e+01
