# t_k
2.157959500000000000e+06
2.157959250000000000e+06
2.157959000000000000e+06
2.157958750000000000e+06
2.157958500000000000e+06
2.157958000000000000e+06
2.157957500000000000e+06
2.157957000000000000e+06
2.157956000000000000e+06
2.157955250000000000e+06
2.157954000000000000e+06
2.157953000000000000e+06
2.157951250000000000e+06
2.157949500000000000e+06
2.157947250000000000e+06
2.157944500000000000e+06
2.157941250000000000e+06
2.157937500000000000e+06
2.157933000000000000e+06
2.157927500000000000e+06
2.157921000000000000e+06
2.157913000000000000e+06
2.157903750000000000e+06
2.157892250000000000e+06
2.157878750000000000e+06
2.157862500000000000e+06
2.157843000000000000e+06
2.157819500000000000e+06
2.157791750000000000e+06
2.157758000000000000e+06
2.157717750000000000e+06
2.157669750000000000e+06
2.157612250000000000e+06
2.157543250000000000e+06
2.157460250000000000e+06
2.157361250000000000e+06
2.157242750000000000e+06
2.157100500000000000e+06
2.156930500000000000e+06
2.156727000000000000e+06
2.156483250000000000e+06
2.156192000000000000e+06
2.155843500000000000e+06
2.155427000000000000e+06
2.154929500000000000e+06
2.154335500000000000e+06
2.153627000000000000e+06
2.152782500000000000e+06
2.151776750000000000e+06
2.150580750000000000e+06
2.149160750000000000e+06
2.147477500000000000e+06
2.145486000000000000e+06
2.143136000000000000e+06
2.140369750000000000e+06
2.137123750000000000e+06
2.133329250000000000e+06
2.128910500000000000e+06
2.123788250000000000e+06
2.117879750000000000e+06
2.111099500000000000e+06
2.103361000000000000e+06
2.094576750000000000e+06
2.084658000000000000e+06
2.073512375000000000e+06
2.061041625000000000e+06
2.047139000000000000e+06
2.031688250000000000e+06
2.014564625000000000e+06
1.995638125000000000e+06
1.974774375000000000e+06
1.951834500000000000e+06
1.926670250000000000e+06
1.899125000000000000e+06
1.869035000000000000e+06
1.836227500000000000e+06
1.800520625000000000e+06
1.761722500000000000e+06
1.719632625000000000e+06
1.674043875000000000e+06
1.624746500000000000e+06
1.571536625000000000e+06
1.514228000000000000e+06
1.452670625000000000e+06
1.386777125000000000e+06
1.316557750000000000e+06
1.242164875000000000e+06
1.163944875000000000e+06
1.082493750000000000e+06
9.987058750000000000e+05
9.137986875000000000e+05
8.292940625000000000e+05
7.469205625000000000e+05
6.684281250000000000e+05
6.024259375000000000e+05
5.457975625000000000e+05
4.966517500000000000e+05
4.535319062500000000e+05
4.148895312500000000e+05
3.793360312500000000e+05
3.458232812500000000e+05
3.137220000000000000e+05
2.828070000000000000e+05
2.530720000000000000e+05
2.247403125000000000e+05
1.981290156250000000e+05
1.736227812500000000e+05
1.447965312500000000e+05
1.209672968750000000e+05
1.020620781250000000e+05
8.747660156250000000e+04
7.631321093750000000e+04
6.753139843750000000e+04
6.012855468750000000e+04
5.332078515625000000e+04
4.659031640625000000e+04
3.971015234375000000e+04
3.279523828125000000e+04
2.620207812500000000e+04
2.030236328125000000e+04
1.536685546875000000e+04
1.156718554687500000e+04
8.942178710937500000e+03
7.349375488281250000e+03
6.504937988281250000e+03
6.084890136718750000e+03
5.801746582031250000e+03
5.436079101562500000e+03
4.852992675781250000e+03
4.020436523437500000e+03
3.005901367187500000e+03
1.934660888671875000e+03
9.436875610351562500e+02
1.570555419921875000e+02
-3.401516723632812500e+02
-5.303458862304687500e+02
-4.592948913574218750e+02
-2.055363616943359375e+02
1.397327728271484375e+02
4.826723937988281250e+02
7.440557250976562500e+02
8.766268920898437500e+02
8.711896972656250000e+02
7.514624023437500000e+02
5.604965820312500000e+02
3.469074401855468750e+02
1.571864471435546875e+02
2.785838890075683594e+01
-2.413796234130859375e+01
-3.131148576736450195e+00
7.191992950439453125e+01
1.743753204345703125e+02
2.762160949707031250e+02
3.541022644042968750e+02
3.923513793945312500e+02
3.846276245117187500e+02
3.355038452148437500e+02
2.580113525390625000e+02
1.684470520019531250e+02
8.306258392333984375e+01
1.532281398773193359e+01
-2.737452316284179688e+01
-4.404724502563476562e+01
-3.810646438598632812e+01
-1.644520950317382812e+01
1.982582092285156250e+01
5.219681167602539062e+01
7.517094421386718750e+01
8.539051818847656250e+01
8.257969665527343750e+01
6.890019226074218750e+01
4.824795913696289062e+01
2.574965858459472656e+01
6.279417514801025391e+00
-7.239171028137207031e+00
-1.377068996429443359e+01
-1.345847320556640625e+01
-7.789761543273925781e+00
6.568922996520996094e-01
9.257921218872070312e+00
1.579437541961669922e+01
1.860445213317871094e+01
1.710003471374511719e+01
1.177251815795898438e+01
3.677638053894042969e+00
-5.750657558441162109e+00
-1.492429447174072266e+01
-2.260330390930175781e+01
-2.803873252868652344e+01
-3.087428474426269531e+01
-3.134002876281738281e+01
-3.010654258728027344e+01
-2.788300704956054688e+01
-2.537434005737304688e+01
-2.328001022338867188e+01
-2.202218246459960938e+01
-2.169134712219238281e+01
-2.217629051208496094e+01
-2.314100646972656250e+01
-2.413479995727539062e+01
-2.482769775390625000e+01
-2.497044372558593750e+01
-2.434342002868652344e+01
-2.293181037902832031e+01
-2.091249847412109375e+01
-1.847288513183593750e+01
-1.583905792236328125e+01
-1.329243946075439453e+01
-1.101711559295654297e+01
-9.095739364624023438e+00
-7.586267948150634766e+00
-6.456376552581787109e+00
-5.581748962402343750e+00
-4.864883899688720703e+00
-4.219371795654296875e+00
-3.543163061141967773e+00
-2.801480293273925781e+00
-2.013707160949707031e+00
-1.185453414916992188e+00
-3.618794381618499756e-01
3.646787703037261963e-01
9.461887478828430176e-01
1.365589499473571777e+00
1.590947866439819336e+00
1.629931569099426270e+00
1.532600045204162598e+00
1.330993056297302246e+00
1.064779877662658691e+00
7.991535663604736328e-01
5.656071901321411133e-01
2.591210603713989258e-01
5.821043848991394043e-01
8.347034454345703125e-01
4.022568929940462112e-03
1.057474166154861450e-01
7.700150832533836365e-03
2.910524792969226837e-02
5.615883041173219681e-03
1.833092537708580494e-03
2.684286795556545258e-03
8.601218578405678272e-04
1.132091856561601162e-03
1.744275650708004832e-04
5.137887783348560333e-04
1.052741790772415698e-04
1.119206499424763024e-04
1.010119303828105330e-04
6.886215123813599348e-05
