# t_k
1.984152600000000000e+07
1.984152000000000000e+07
1.984151400000000000e+07
1.984150400000000000e+07
1.984149600000000000e+07
1.984148400000000000e+07
1.984147000000000000e+07
1.984145200000000000e+07
1.984143200000000000e+07
1.984140600000000000e+07
1.984137200000000000e+07
1.984133400000000000e+07
1.984128800000000000e+07
1.984123000000000000e+07
1.984116000000000000e+07
1.984107400000000000e+07
1.984096800000000000e+07
1.984084000000000000e+07
1.984068200000000000e+07
1.984049000000000000e+07
1.984025800000000000e+07
1.983997200000000000e+07
1.983962400000000000e+07
1.983920000000000000e+07
1.983868200000000000e+07
1.983805000000000000e+07
1.983728000000000000e+07
1.983634200000000000e+07
1.983519800000000000e+07
1.983380800000000000e+07
1.983211600000000000e+07
1.983006000000000000e+07
1.982756400000000000e+07
1.982453800000000000e+07
1.982087400000000000e+07
1.981644600000000000e+07
1.981110600000000000e+07
1.980468400000000000e+07
1.979697800000000000e+07
1.978776400000000000e+07
1.977678400000000000e+07
1.976375200000000000e+07
1.974835000000000000e+07
1.973022200000000000e+07
1.970897800000000000e+07
1.968418600000000000e+07
1.965536400000000000e+07
1.962196600000000000e+07
1.958338200000000000e+07
1.953892600000000000e+07
1.948784400000000000e+07
1.942931000000000000e+07
1.936240800000000000e+07
1.928614400000000000e+07
1.919944000000000000e+07
1.910114600000000000e+07
1.899003400000000000e+07
1.886480600000000000e+07
1.872408600000000000e+07
1.856642800000000000e+07
1.839029200000000000e+07
1.819407400000000000e+07
1.797609800000000000e+07
1.773462800000000000e+07
1.746782600000000000e+07
1.717376200000000000e+07
1.685041000000000000e+07
1.649562900000000000e+07
1.610713800000000000e+07
1.568256800000000000e+07
1.521940900000000000e+07
1.471512200000000000e+07
1.416719000000000000e+07
1.357333300000000000e+07
1.293174600000000000e+07
1.224152700000000000e+07
1.150322400000000000e+07
1.071955700000000000e+07
9.896259000000000000e+06
9.042930000000000000e+06
8.173673500000000000e+06
7.307138500000000000e+06
6.465959500000000000e+06
5.672804500000000000e+06
4.975236500000000000e+06
4.403012000000000000e+06
3.923712250000000000e+06
3.509962500000000000e+06
3.141119500000000000e+06
2.801684250000000000e+06
2.480037750000000000e+06
2.170707000000000000e+06
1.875246500000000000e+06
1.599384625000000000e+06
1.349048500000000000e+06
1.079772625000000000e+06
8.630721250000000000e+05
6.988388125000000000e+05
5.799883125000000000e+05
4.942854062500000000e+05
4.280284062500000000e+05
3.699798125000000000e+05
3.132405937500000000e+05
2.552115312500000000e+05
1.970736406250000000e+05
1.423198906250000000e+05
9.497797656250000000e+04
5.865080078125000000e+04
3.537851562500000000e+04
2.446934375000000000e+04
2.286670898437500000e+04
2.658570312500000000e+04
3.183655664062500000e+04
3.558055859375000000e+04
3.585739453125000000e+04
3.216993164062500000e+04
2.552947460937500000e+04
1.770675000000000000e+04
1.040332714843750000e+04
4.952347656250000000e+03
2.129928222656250000e+03
1.959414184570312500e+03
3.793271240234375000e+03
6.598372070312500000e+03
9.290885742187500000e+03
1.100969433593750000e+04
1.125846289062500000e+04
1.000642382812500000e+04
7.666793945312500000e+03
4.853259277343750000e+03
2.152766845703125000e+03
3.754600524902343750e+01
-1.206711791992187500e+03
-1.531435546875000000e+03
-1.113632934570312500e+03
-2.888435974121093750e+02
5.822735595703125000e+02
1.223188354492187500e+03
1.466322265625000000e+03
1.268467895507812500e+03
7.141472167968750000e+02
-2.993306350708007812e+01
-7.686967163085937500e+02
-1.335038452148437500e+03
-1.638177001953125000e+03
-1.662732299804687500e+03
-1.450662353515625000e+03
-1.089789794921875000e+03
-6.852713012695312500e+02
-3.320056762695312500e+02
-1.734458465576171875e+02
-1.960099334716796875e+02
-3.306607971191406250e+02
-5.331881103515625000e+02
-7.460839233398437500e+02
-9.160396118164062500e+02
-1.010581787109375000e+03
-1.016883483886718750e+03
-9.408416137695312500e+02
-8.062841186523437500e+02
-6.448472290039062500e+02
-4.879183349609375000e+02
-3.595584716796875000e+02
-2.700419311523437500e+02
-2.198409423828125000e+02
-2.024877929687500000e+02
-2.031579742431640625e+02
-2.053777923583984375e+02
-1.976408081054687500e+02
-1.737439880371093750e+02
-1.340291900634765625e+02
-8.379103088378906250e+01
-2.978895378112792969e+01
1.963182258605957031e+01
5.707845306396484375e+01
7.922192382812500000e+01
8.539448547363281250e+01
7.777489471435546875e+01
6.160685348510742188e+01
4.213713073730468750e+01
2.388560104370117188e+01
1.063101863861083984e+01
3.704089641571044922e+00
2.768874168395996094e+00
6.676753044128417969e+00
1.292035388946533203e+01
1.919243621826171875e+01
2.415403366088867188e+01
2.665015411376953125e+01
2.649226760864257812e+01
2.438513183593750000e+01
2.096623992919921875e+01
1.731967163085937500e+01
1.452097129821777344e+01
1.274279499053955078e+01
1.201430130004882812e+01
1.219983291625976562e+01
1.264105987548828125e+01
-3.185274839401245117e+00
4.898834824562072754e-01
-3.601356968283653259e-02
-1.790641784667968750e+00
-1.562662243843078613e+00
5.993029475212097168e-02
2.929454669356346130e-02
2.552299015223979950e-02
1.352045964449644089e-02
5.898344330489635468e-03
3.873192239552736282e-03
2.251616446301341057e-03
1.288710511289536953e-03
7.770935771986842155e-04
4.770014784298837185e-04
2.968706539832055569e-04
1.896251342259347439e-04
