# tt
1.050444169675481817e+03
9.913458281588432328e+02
9.341070775572746925e+02
8.904327571482541543e+02
8.596532511717980469e+02
8.392354173060424500e+02
8.260508959266654756e+02
8.185932718548152707e+02
8.154549703052878158e+02
8.152466446520692216e+02
8.186444453397622283e+02
8.232870471463681952e+02
8.291769892767924830e+02
8.353398456993281798e+02
8.435111340799346635e+02
8.534904473967885679e+02
8.640870833142755600e+02
8.760182516951310845e+02
8.876491601121268786e+02
8.997195442905849632e+02
9.122967361007630416e+02
9.249523592438646347e+02
9.379582211512721415e+02
9.514581028788851427e+02
9.649808402200262663e+02
9.789325616011873308e+02
9.931419924778297172e+02
1.007556569649370658e+03
1.022391285992174858e+03
1.037007558235688066e+03
1.052175407352052389e+03
1.067375364719362324e+03
1.082605726938606495e+03
1.098461994803401012e+03
1.114050127753987454e+03
1.129876478742238078e+03
1.146028324521322475e+03
1.162413300135472809e+03
1.178962842441499561e+03
1.195600848030544967e+03
1.212332477684830337e+03
1.229170208621408392e+03
1.246163659808582679e+03
1.263377306915156851e+03
1.280777704187122254e+03
1.298348279442975354e+03
1.316063679281400709e+03
1.333913407001583209e+03
1.351953821054958325e+03
1.370244803573261152e+03
1.388734049455184277e+03
1.407350492228969415e+03
1.426075063874609668e+03
1.444903553072598243e+03
1.463947973943445731e+03
1.483309827951738043e+03
1.502946849743329039e+03
1.522772203862572269e+03
1.542765910006072090e+03
1.562935679204659664e+03
1.583288562572325191e+03
1.603844445856785796e+03
1.624608358105259413e+03
1.645607613415712649e+03
1.666881123452495785e+03
1.688410193241986235e+03
1.710158011975943509e+03
1.732080340495877408e+03
1.754147796343797154e+03
1.776338329323328708e+03
1.798763215188062077e+03
1.821533633602952250e+03
1.844656767329455306e+03
1.868132370778776703e+03
1.891915393387931772e+03
1.915885561600671281e+03
1.940033792241806395e+03
1.964410428938147106e+03
1.989043530265753361e+03
2.013961626308562245e+03
2.039172848131260025e+03
2.064648656555159050e+03
2.090382797452321483e+03
2.116361588344560460e+03
2.142577078593372789e+03
2.168999674817504001e+03
2.195612943825633010e+03
2.222430165827440305e+03
2.249457192682355981e+03
2.276706279168990932e+03
2.304178149991428654e+03
2.331887361123185656e+03
2.359826183487027720e+03
2.388009173056469081e+03
2.416428600754276886e+03
2.445084165853465493e+03
2.473982995977300561e+03
2.503102505348047544e+03
2.532457249939222493e+03
2.562039500673590737e+03
2.591848956824167090e+03
2.621870460963467394e+03
2.652103712364507828e+03
2.682540981950053265e+03
2.713174540642869033e+03
2.743996659365721371e+03
2.774992180691125213e+03
2.806168232242345766e+03
2.837509656591898874e+03
2.869008699065353539e+03
2.900664930949740210e+03
2.932470469584642615e+03
2.964417432309645847e+03
2.996497936464332724e+03
3.028711527738537825e+03
3.061050323471844877e+03
3.093499012653588579e+03
3.126057140973602145e+03
3.158716825771469757e+03
3.191470184386775145e+03
3.224301905808852553e+03
3.257211535727537012e+03
3.290191191482410431e+03
3.323225562062809331e+03
3.356314193158564649e+03
3.389441773759013358e+03
3.422600421203737824e+03
3.455789681182572622e+03
3.488994242684850633e+03
3.522198840877892962e+03
3.555410680691708421e+03
3.588607299833292473e+03
3.621788521060391759e+03
3.654939310430250316e+03
3.688059490700612969e+03
3.721134027928727846e+03
3.754155316522088469e+03
3.787108322537940694e+03
3.820000297084279282e+03
3.852808777868101060e+03
3.885526159296900005e+03
3.918152264128421393e+03
3.950664630069662962e+03
3.983063079878367262e+03
4.015317722911281635e+03
4.047420953575900512e+03
4.079357737929470659e+03
4.111113042029234748e+03
4.142671831932441819e+03
4.174011611586643085e+03
4.205139463302625700e+03
4.236040150580984118e+03
4.266713293622813580e+03
4.297151084278959388e+03
4.327360571100765810e+03
4.357319089238577362e+03
4.387033687243740133e+03
4.416489128616846756e+03
4.445677605208744353e+03
4.474576452169776530e+03
4.503177861350788589e+03
4.531474024602624013e+03
4.559442277075630045e+03
4.587082238970898288e+03
4.614378673789026834e+03
4.641323773380859166e+03
4.667909729597240585e+03
4.694128734289014574e+03
4.719972979307026435e+03
4.745427228151871532e+03
4.770498529374895043e+03
4.795164218126439664e+03
4.819416486257352517e+03
4.843254953968728842e+03
4.866664518125191535e+03
4.889638037397733569e+03
4.912161075471129152e+03
4.934234052730650546e+03
4.955849961211321897e+03
4.976994364597915592e+03
4.997667683275704803e+03
5.017862909279711857e+03
5.037565606294710051e+03
5.056776194705972557e+03
5.075480238198273582e+03
5.093678157156884481e+03
5.111362943616829398e+03
5.128520161262879810e+03
5.145150230480310711e+03
5.161246143304144425e+03
5.176793463419154250e+03
5.191785182860361601e+03
5.206229150363291410e+03
5.220110929612716063e+03
5.233430940993907825e+03
5.246189604892141688e+03
5.258387341692689006e+03
5.270002286730073138e+03
5.281049717090067134e+03
5.291515247074001309e+03
5.301392121799683991e+03
5.310658780300978833e+03
5.319323375012751058e+03
5.327356916618615287e+03
5.334767557553437655e+03
5.341541165201331751e+03
5.347671035296662012e+03
5.353187605325044387e+03
5.358076742670594285e+03
5.362346599768174201e+03
5.366012757402900206e+03
5.369075939659388496e+03
5.371544298972501565e+03
5.373418559426855609e+03
5.374684588406565126e+03
5.375343109996245403e+03
5.375394848280511724e+03
5.374833098993726708e+03
5.373651157870256611e+03
5.371857177344966658e+03
5.369437024801971347e+03
5.366398852676134993e+03
5.362750813402322819e+03
5.358493631065150112e+03
5.353620601398981307e+03
5.348139876838680721e+03
5.342052181468863637e+03
5.335365667724395280e+03
5.328073631339640087e+03
5.320184224749463283e+03
5.311705600388729181e+03
5.302631053991802219e+03
5.292961309643297682e+03
5.282711948128331642e+03
5.271868836831015869e+03
5.260454984886719103e+03
5.248463688029803052e+03
5.235903098695134759e+03
5.222773940967326780e+03
5.209076938930995311e+03
5.194827673371255514e+03
5.180026868372721765e+03
5.164675248020009349e+03
5.148788393098231609e+03
5.132374456042254678e+03
5.115426732586443904e+03
5.097968231866162569e+03
5.079992249615776018e+03
5.061514366620400324e+03
5.042527876305180143e+03
5.023040919558891801e+03
5.003054206610845540e+03
4.982583304390843296e+03
4.961614066427696343e+03
4.940162059651210257e+03
4.918235422640944307e+03
4.895849722326703159e+03
4.873013097288046083e+03
4.849748542805029501e+03
4.826056769106961838e+03
4.801960771473899513e+03
4.777468688485399980e+03
4.752588658721021602e+03
4.727321392410070985e+03
4.701675028132103762e+03
4.675665132816930054e+03
4.649292416693857376e+03
4.622557589992189605e+03
4.595468791291487832e+03
4.568049015871807569e+03
4.540291545612206392e+03
4.512226804142991568e+03
4.483848073343220676e+03
4.455170920142701107e+03
4.426218339821491099e+03
4.396991042608895441e+03
4.367497167084474313e+03
4.337752280178034198e+03
4.307771948819381578e+03
4.277556883237823968e+03
4.247122650363169669e+03
4.216484817125225163e+03
4.185644093753298876e+03
4.154616047177197288e+03
4.123408815976477854e+03
4.092045395431197448e+03
4.060526495770664496e+03
4.028860255574435541e+03
3.997069670122568368e+03
3.965162877994620885e+03
3.933140589419898333e+03
3.901018371328211288e+03
3.868811790649363502e+03
3.836521557612666129e+03
3.804163239147923377e+03
3.771737545484443672e+03
3.739267471902284797e+03
3.706761156981004206e+03
3.674226739300158442e+03
3.641679565142925185e+03
3.609134098205966893e+03
3.576597153189063192e+03
3.544082973142245919e+03
3.511605801115546001e+03
3.479165023458494488e+03
3.446782311571374066e+03
3.414464480153963450e+03
3.382218343906046357e+03
3.350043289177152019e+03
3.317968415717813059e+03
3.285985681527309680e+03
3.254116758005923657e+03
3.222368459853436889e+03
3.190740173419379062e+03
3.159253570104032860e+03
3.127915464607178365e+03
3.096740099978848320e+03
3.065726862568571505e+03
3.034882567076131181e+03
3.004236313252057698e+03
2.973772630745382685e+03
2.943520619306636945e+03
2.913472236935102501e+03
2.883649155031059763e+03
2.854050759944040237e+03
2.824691294724075306e+03
2.795577574070945502e+03
2.766716412684433180e+03
2.738122053614568813e+03
2.709793883210883450e+03
2.681746144523408930e+03
2.653978223901676301e+03
2.626504364395716493e+03
2.599338809055561342e+03
2.572480944230740988e+03
2.545937584621037786e+03
2.519715544926232269e+03
2.493829068196355820e+03
2.468284969131189882e+03
2.443082634080265507e+03
2.418228877743363682e+03
2.393730514820266308e+03
2.369586931660503978e+03
2.345804942963858139e+03
2.322391363430109777e+03
2.299345579408790854e+03
2.276674405599681450e+03
2.254392085052813854e+03
2.232498004117718665e+03
2.211006256289763314e+03
2.189922908495404954e+03
2.169246449756189122e+03
2.148982797443909476e+03
2.129145297280610521e+03
2.109725009937585583e+03
2.090727852786629683e+03
2.072159743199536024e+03
2.054019170197848780e+03
2.036304622803113261e+03
2.019022018387122216e+03
2.002169845971420727e+03
1.985761451278052391e+03
1.969780466628061276e+03
1.954247666093742282e+03
1.939154110346388507e+03
1.924505716757794744e+03
1.910300974349504713e+03
1.896538372143063043e+03
1.883231255860513329e+03
1.870363257822899641e+03
1.857947723752266938e+03
1.845975714319908320e+03
1.834453146897619035e+03
1.823371082156691955e+03
1.812735437468921873e+03
1.802552130206102674e+03
1.792804792689279338e+03
1.783506770640494324e+03
1.774656553081293396e+03
1.766245200682969880e+03
1.758278630817317890e+03
1.750755332505881597e+03
1.743666366419955239e+03
1.737010221581083442e+03
1.730792815361059183e+03
1.725012636781427545e+03
1.719653318163231916e+03
1.714720776878267088e+03
1.710213501948077010e+03
1.706129982394205854e+03
1.702453850537697008e+03
1.699198452100595432e+03
1.696347419403945196e+03
1.693899241469290246e+03
1.691852407318174528e+03
1.690197977621892505e+03
1.688941869752237835e+03
1.688075144380504980e+03
1.687596290528238114e+03
1.687503893486435800e+03
1.687789495273664670e+03
1.688452162528196368e+03
1.689490961888301626e+03
1.690890103291751757e+03
1.692648653376818402e+03
1.694765678781772522e+03
1.697232817794635366e+03
1.700034280353178474e+03
1.703183989796172682e+03
1.706651299360889652e+03
1.710450132386100449e+03
1.714572127159826323e+03
1.719008921970088522e+03
1.723744726754658132e+03
1.728793464852306670e+03
1.734131917850555737e+03
1.739766580737925551e+03
1.745681663452188332e+03
1.751883660981865205e+03
1.758356783264727028e+03
1.765092668588795050e+03
1.772097811942590852e+03
1.779356423263885517e+03
1.786860140840700524e+03
1.794608031311306831e+03
1.802576876263225358e+03
1.810780599035228533e+03
1.819188552864586882e+03
1.827799804389571136e+03
1.836613420248453622e+03
1.845613610379004740e+03
1.854806869769746299e+03
1.864169980008199445e+03
1.873709436082884849e+03
1.883416876281824443e+03
1.893283938893039249e+03
1.903302262204550971e+03
1.913470912854629887e+03
1.923774100781047991e+03
1.934203464271826761e+03
1.944743213264736596e+03
1.955392414398049368e+03
1.966135277609535933e+03
1.976963441187217995e+03
1.987868543419116349e+03
1.998842222593252927e+03
2.009890973698148400e+03
2.020999006671574307e+03
2.032157959801551669e+03
2.043367167767353976e+03
2.054627037412264144e+03
2.065915958569815757e+03
2.077234606124295169e+03
2.088568798259486357e+03
2.099911781509423690e+03
2.111256802408142448e+03
2.122589679139427062e+03
2.133896229887061963e+03
2.145191986235831791e+03
2.156447909669022465e+03
2.167686960121667198e+03
2.178880099077051909e+03
2.190050286470210267e+03
2.201168483784427735e+03
2.212250222604489409e+03
2.223281321114178809e+03
2.234247597497281731e+03
2.245149726638082029e+03
2.255973526720364589e+03
2.266704815927914751e+03
2.277344269145016824e+03
2.287877704555455693e+03
2.298305797043515668e+03
2.308621793143232026e+03
2.318826367738889076e+03
2.328905339014271249e+03
2.338866810203914156e+03
2.348711456192101650e+03
2.358417666812369589e+03
2.368000973649501248e+03
2.377432338186782090e+03
2.386719863658747272e+03
2.395849368249180316e+03
2.404806670141867016e+03
2.413599872571341621e+03
2.422214793721389015e+03
2.430644680126043568e+03
2.438897635019840891e+03
2.446959476586564506e+03
2.454830879710500540e+03
2.462512519275932391e+03
2.470005070167145277e+03
2.477301778918173568e+03
2.484395892063052543e+03
2.491288084486066964e+03
2.497964174371001263e+03
2.504424836602140203e+03
2.510663317713518154e+03
2.516672864239170394e+03
2.522446877365880482e+03
2.527986805241676848e+03
2.533286822317087626e+03
2.538348531392889981e+03
2.543180963620112379e+03
2.547770865099032108e+03
2.552127266980675813e+03
2.556244343715573450e+03
2.560116269754251334e+03
2.563759504597986961e+03
2.567153365996808589e+03
2.570314313451994167e+03
2.573229093063820528e+03
2.575899307633066201e+03
2.578326559960508348e+03
2.580512452846925044e+03
2.582451160742843967e+03
2.584136858098792345e+03
2.585578576065798643e+03
2.586763060744139693e+03
2.587699343284843508e+03
2.588381598138438676e+03
2.588803999755451969e+03
2.588983007637160881e+03
2.588905367883844065e+03
2.588587539996778560e+03
2.588023698426492501e+03
2.587215445973762598e+03
2.586164385439368289e+03
2.584879547974335310e+03
2.583347679678942768e+03
2.581585240054467704e+03
2.579586403551438252e+03
2.577345344620381638e+03
2.574878522762576722e+03
2.572172684078299426e+03
2.569244288068828610e+03
2.566087509184691953e+03
2.562711378576916104e+03
2.559102642345780623e+03
2.555285188342811580e+03
2.551253191018537564e+03
2.547000824823486255e+03
2.542544549258935149e+03
2.537885967125661409e+03
2.533019252874193171e+03
2.527953437655558446e+03
2.522690124270535307e+03
2.517230915519900009e+03
2.511577414204431989e+03
2.505745950075362089e+03
2.499722620482744333e+03
2.493523106427583571e+03
2.487155660560638353e+03
2.480613678832164624e+03
2.473897985542670540e+03
2.467031690043411800e+03
2.460000759934395774e+03
2.452813447866379647e+03
2.445470578139869758e+03
2.437987831755874140e+03
2.430351176314399254e+03
2.422576292816451314e+03
2.414671433912787961e+03
2.406622567203416111e+03
2.398445373689342887e+03
2.390148106021325020e+03
2.381724160149618911e+03
2.373181788724982198e+03
2.364521816047922130e+03
2.355752494769194527e+03
2.346882077539557486e+03
2.337911388659517343e+03
2.328841252429580891e+03
2.319694778201005647e+03
2.310457933573798528e+03
2.301153827899216139e+03
2.291775857127515792e+03
2.282332273909453761e+03
2.272831330895787232e+03
2.263281280737273391e+03
2.253682947734419940e+03
2.244037156187732307e+03
2.234359587098217617e+03
2.224651064766384479e+03
2.214912413492738324e+03
2.205151885928036336e+03
2.195385163073286094e+03
2.185598212528493605e+03
2.175814143644916385e+03
2.166033780723061682e+03
2.156257948063435833e+03
2.146494898316795570e+03
2.136745455783649049e+03
2.127025301465002030e+03
2.117335259661362215e+03
2.107676154673236397e+03
2.098056239151380851e+03
2.088483765746553672e+03
2.078959558759260290e+03
2.069499026417234290e+03
2.060086772454108996e+03
2.050751697931742456e+03
2.041478133810494683e+03
2.032272696101473230e+03
2.023149429166036953e+03
2.014100092314796029e+03
2.005138729909107496e+03
1.996271957960081409e+03
1.987484107428075731e+03
1.978804079374949652e+03
1.970216204761062045e+03
1.961727099597521374e+03
1.953358236595937115e+03
1.945086518366417067e+03
1.936940845970820874e+03
1.928912978719756666e+03
1.921009532624333588e+03
1.913229695345410391e+03
1.905580082894095767e+03
1.898074739631748798e+03
1.890705424868978071e+03
1.883471326266642336e+03
1.876386488186100451e+03
1.869450098288211166e+03
1.862668772584083399e+03
1.856034270384325509e+03
1.849568064400546973e+03
1.843254485593105755e+03
1.837107578323361622e+03
1.831126530252172415e+03
1.825310529040397341e+03
1.819673619049395484e+03
1.814207559589775201e+03
1.808918966672645638e+03
1.803814456309115258e+03
1.798893216160043039e+03
1.794154433886287507e+03
1.789604725498957805e+03
1.785243278658912232e+03
1.781076709377260386e+03
1.777096776964610399e+03
1.773324954132571293e+03
1.769738143491252004e+03
1.766357817752260871e+03
1.763183164576456647e+03
1.760205943274449055e+03
1.757432769857345875e+03
1.754862831986006086e+03
1.752510174021789226e+03
1.750359005780789630e+03
1.748415337552799429e+03
1.746685058483345756e+03
1.745166629367707401e+03
1.743865939351411726e+03
1.742766592529236277e+03
1.741881906396959948e+03
1.741210341749860390e+03
1.740750359383215027e+03
1.740500420092301965e+03
1.740458984672399083e+03
1.740631942269034653e+03
1.741010325327236160e+03
1.741600022992531876e+03
1.742399496060199226e+03
1.743399776975266832e+03
1.744606754883261601e+03
1.746026318929712261e+03
1.747642073209396813e+03
1.749467335218092558e+03
1.751493137400828118e+03
1.753717940552880236e+03
1.756140205469528155e+03
1.758758392946048843e+03
1.761578392127970574e+03
1.764591235460321968e+03
1.767795383738379542e+03
1.771181869407171916e+03
1.774764009962477303e+03
1.778532837849322959e+03
1.782479385512737508e+03
1.786602113747997919e+03
1.790906911700633145e+03
1.795392240165920612e+03
1.800041703238638092e+03
1.804861190064313860e+03
1.809849161438225110e+03
1.815004078155650859e+03
1.820324401011868076e+03
1.825801162451904702e+03
1.831432823271039524e+03
1.837217844264549740e+03
1.843154686227713228e+03
1.849234381605558383e+03
1.855462819543612568e+03
1.861816175786404301e+03
1.868315196179960822e+03
1.874936056468810420e+03
1.881692074148731081e+03
1.888566853314500349e+03
1.895559014016823312e+03
1.902660384977861440e+03
1.909877810875703517e+03
1.917210708038187704e+03
1.924636207742402803e+03
1.932176011366936564e+03
1.939807250188878470e+03
1.947529340536066911e+03
1.955349127086589533e+03
1.963251169467785758e+03
1.971234884007493974e+03
1.979307115383802511e+03
1.987444994873799260e+03
1.995655367155573686e+03
2.003937648556963495e+03
2.012276398705307656e+03
2.020671033928444785e+03
2.029120970554213272e+03
2.037618196560201341e+03
2.046162128274247607e+03
2.054744753673940522e+03
2.063365489087118931e+03
2.072023750841621222e+03
2.080711526915035847e+03
2.089428233635200741e+03
2.098165858979704808e+03
2.106923819276387349e+03
2.115701530853085842e+03
2.124476124986888863e+03
2.133261874706135586e+03
2.142050767988413554e+03
2.150827364461062643e+03
2.159598508802169817e+03
2.168356188989323982e+03
2.177084964649865015e+03
2.185799108812129361e+03
2.194475752753206507e+03
2.203121741151185688e+03
2.211729061983653537e+03
2.220289703228200779e+03
2.228795652862414045e+03
2.237246327214133089e+03
2.245641142611195392e+03
2.253964658680940374e+03
2.262216291751205517e+03
2.270388029799580636e+03
2.278479289153903210e+03
2.286482057791762145e+03
2.294395752040995831e+03
2.302212359879193173e+03
2.309924135790434775e+03
2.317524400284775766e+03
2.325021597079263302e+03
2.332409313190445118e+03
2.339681135634868042e+03
2.346830651429079808e+03
2.353873732640377057e+03
2.360796537935058495e+03
2.367600082679920433e+03
2.374277953891510606e+03
2.380831166936626687e+03
2.387253308831815048e+03
2.393545394943874271e+03
2.399693583939101700e+03
2.405698891184293643e+03
2.411562332046248230e+03
2.417270065191262802e+03
2.422830534336384517e+03
2.428222469797661233e+03
2.433461743642389592e+03
2.438534514536867846e+03
2.443434369497643274e+03
2.448169752241762126e+03
2.452726821435523107e+03
2.457106592445722981e+03
2.461317508989408907e+03
2.465353158083128619e+03
2.469214555093679792e+03
2.472902715387858734e+03
2.476411225982214546e+03
2.479748530593793021e+03
2.482900787888892410e+03
2.485876441584559871e+03
2.488661650347092746e+03
2.491257429543288708e+03
2.493649937839444647e+03
2.495847618952607718e+03
2.497844059899326112e+03
2.499625419345896717e+03
2.501207569359617992e+03
2.502576668606785006e+03
2.503741160804447645e+03
2.504694632969151371e+03
2.505438100467694312e+03
2.505965150316624658e+03
2.506284226232988658e+03
2.506396343583583985e+03
2.506295089384958828e+03
2.505988907354158982e+03
2.505471384507733092e+03
2.504743636811156193e+03
2.503814610974867264e+03
2.502671069257233285e+03
2.501322058967371049e+03
2.499754342363647083e+03
2.497962110054678760e+03
2.495946980999332936e+03
2.493710574156476014e+03
2.491247080134725820e+03
2.488558117892948758e+03
2.485645306390011228e+03
2.482525121285281330e+03
2.479191753187374616e+03
2.475654249405409246e+03
2.471921657248501106e+03
2.467995595675517961e+03
2.463870255295076277e+03
2.459547255066042453e+03
2.455020785597034319e+03
2.450285037496668792e+03
2.445334201373562337e+03
2.440169896186581354e+03
2.434786312544343673e+03
2.429192497755966087e+03
2.423397499130564938e+03
2.417402935627007082e+03
2.411217854554410678e+03
2.404843874871641674e+03
2.398297472238066348e+03
2.391580265612552921e+03
2.384693873953967795e+03
2.377632487870926980e+03
2.370390297972048756e+03
2.362976351566449921e+03
2.355377410912496543e+03
2.347587666618805997e+03
2.339616165994494622e+03
2.331471956348680578e+03
2.323141799939729935e+03
2.314657029127509304e+03
2.306011834520636057e+03
2.297215263428227445e+03
2.288268934809149414e+03
2.279196752673019546e+03
2.269978050927954882e+03
2.260629305233321702e+03
2.251137277847487439e+03
2.241511016079569345e+03
2.231744710538183426e+03
2.221832551831946603e+03
2.211790844697532975e+03
2.201612925130089025e+03
2.191306814902568931e+03
2.180873107437675571e+03
2.170334681208863458e+03
2.159677272938335136e+03
2.148923761099545118e+03
2.138074739115196735e+03
2.127130800407993320e+03
2.116092538400639114e+03
2.104967974866086479e+03
2.093750274876790172e+03
2.082454888555953403e+03
2.071074980976030020e+03
2.059611145559723809e+03
2.048078832430237071e+03
2.036463778309774625e+03
2.024774004971289514e+03
2.013017534187735237e+03
2.001187531031566323e+03
1.989292017275735816e+03
1.977339014693196759e+03
1.965321688356403456e+03
1.953255488388558888e+03
1.941141008212367296e+03
1.928986269600782180e+03
1.916791865976506642e+03
1.904580675812994741e+03
1.892338435832449932e+03
1.880080596158075878e+03
1.867800321862325745e+03
1.855513063068403653e+03
1.843211984848763223e+03
1.830897680626107331e+03
1.818578172173390840e+03
1.806254052913316400e+03
1.793925916268587116e+03
1.781609212362408016e+03
1.769289677916981873e+03
1.756990191405761834e+03
1.744703917901202658e+03
1.732438879176257160e+03
1.720195668653628672e+03
1.707989736456521541e+03
1.695806819307138994e+03
1.683669795678934179e+03
1.671571830644361853e+03
1.659520945976374833e+03
1.647525163447926616e+03
1.635585076481720989e+03
1.623701016797673901e+03
1.611887126005048231e+03
1.600142427309821187e+03
1.588465943917967934e+03
1.576864127385714937e+03
1.565336000919037815e+03
1.553895444424412517e+03
1.542534052757564496e+03
1.531258277474721126e+03
1.520067141781856890e+03
1.508967097235198253e+03
1.497964595390971681e+03
1.487058659455152110e+03
1.476248312633716523e+03
1.465532578132640310e+03
1.454925335858398967e+03
1.444418180666719309e+03
1.434010135763576955e+03
1.423715081055447854e+03
1.413532039748308080e+03
1.403452606697883311e+03
1.393490661810649272e+03
1.383652656642832426e+03
1.373922757699908743e+03
1.364322273238603884e+03
1.354842798114643756e+03
1.345490783884254597e+03
1.336272682103661964e+03
1.327187515978842384e+03
1.318234308715771022e+03
1.309412083520424630e+03
1.300734720299278479e+03
1.292193813908058701e+03
1.283795815902991762e+03
1.275539749490053055e+03
1.267424637875218423e+03
1.259456932614714333e+03
1.251635656914516403e+03
1.243967262330850417e+03
1.236443343719442737e+03
1.229077780986769312e+03
1.221862168988555595e+03
1.214802959281028052e+03
1.207899175070162073e+03
1.201157267912184352e+03
1.194568832662820114e+03
1.188147749228545763e+03
1.181885612465086979e+03
1.175781445578419834e+03
1.169849128475020279e+03
1.164080155055889463e+03
1.158473043753378306e+03
1.153033640395363136e+03
1.147752934109220405e+03
1.142644199073076379e+03
1.137698424414306828e+03
1.132921455960788762e+03
1.128304282839897724e+03
1.123852750879510495e+03
1.119572705907503178e+03
1.115455137051251995e+03
1.111505890138633504e+03
1.107723382647273411e+03
1.104106032054798561e+03
1.100652255838834890e+03
1.097360471477008559e+03
1.094236524797195898e+03
1.091271404926773357e+03
1.088470957693617265e+03
1.085833600575353785e+03
1.083350322699358912e+03
1.081026969893509204e+03
1.078861959635430821e+03
1.076861137753000094e+03
1.075008065023343306e+03
1.073308587274336560e+03
1.071768550333856410e+03
1.070378943329278627e+03
1.069138183738229827e+03
1.068052117388586566e+03
1.067111733407724614e+03
1.066315449273270133e+03
1.065661682462849967e+03
1.065156278804339991e+03
1.064790227425116882e+03
1.064561945802805894e+03
1.064477279765284493e+03
1.064527218439928447e+03
1.064710179304363919e+03
1.065024579836216844e+03
1.065468837513114067e+03
1.066048798162931917e+03
1.066748022562796450e+03
1.067579784890833935e+03
1.068527645924170429e+03
1.069597451490682261e+03
1.070787619067995820e+03
1.072096566133737497e+03
1.073515281815283515e+03
1.075049611940509976e+03
1.076683264316769510e+03
1.078430248273319876e+03
1.080275006768645426e+03
1.082224267811980326e+03
1.084262474361808700e+03
1.086403782777614651e+03
1.088632636017882305e+03
1.090955762091845827e+03
1.093372460658489899e+03
1.095867174676297736e+03
1.098454060504754352e+03
1.101117561102343416e+03
1.103856976128049382e+03
1.106686461941356129e+03
1.109583033150498295e+03
1.112560846114959531e+03
1.115619200493724293e+03
1.118742539245276703e+03
1.121937590378850928e+03
1.125203653553430968e+03
1.128532600077751340e+03
1.131923729610795817e+03
1.135361485111048978e+03
1.138860022937994700e+03
1.142396357699867167e+03
1.145984645756150712e+03
1.149609330065329232e+03
1.153269710286387181e+03
1.156979942778808436e+03
1.160717042150827638e+03
1.164495164761928208e+03
1.168298753570595181e+03
1.172141964936312206e+03
1.176009241817563634e+03
1.179907312223583176e+03
1.183820619112855638e+03
1.187741033794114628e+03
1.191682712626844932e+03
1.195630098569530446e+03
1.199575062930905233e+03
1.203524333720203231e+03
1.207469782246158957e+03
1.211403279817506700e+03
1.215338982793730338e+03
1.219261334133314222e+03
1.223169633495242351e+03
1.227063180538498955e+03
1.230941274922068260e+03
1.234795787954684101e+03
1.238626019295331616e+03
1.242424072203236165e+03
1.246190406089844373e+03
1.249925712317094849e+03
1.253630682246926199e+03
1.257291150540776698e+03
1.260915236910834665e+03
1.264496204368788767e+03
1.268034744276577840e+03
1.271524119645890096e+03
1.274972450188913854e+03
1.278372998917338009e+03
1.281726457193100487e+03
1.285026088027890637e+03
1.288272582783646385e+03
1.291459204472056399e+03
1.294594072805308997e+03
1.297663022444842909e+03
1.300681601453096391e+03
1.303628216141258463e+03
1.306518414571766925e+03
1.309338031406060736e+03
1.312095186356328213e+03
1.314775714084008314e+03
1.317387734301288674e+03
1.319924510019858644e+03
1.322394160951906315e+03
1.324782521758870189e+03
1.327097712152938811e+03
1.329325566795550913e+03
1.331481633749144521e+03
1.333551747675158595e+03
1.335536599935531513e+03
1.337436881892201654e+03
1.339253284907107627e+03
1.340979071991937644e+03
1.342614934508630768e+03
1.344161563819125377e+03
1.345612222935109230e+03
1.346967603218521845e+03
1.348228396031301145e+03
1.349395292735385738e+03
1.350461556342464291e+03
1.351427878214474958e+03
1.352294949713356800e+03
1.353063462201047741e+03
1.353726678689236451e+03
1.354292718890111701e+03
1.354754845815361705e+03
1.355106322476675132e+03
1.355362696936490465e+03
1.355502474124497439e+03
1.355541695195641751e+03
1.355466786522369830e+03
1.355293887878128771e+03
1.355009425635365233e+03
1.354614682867025749e+03
1.354118370996307704e+03
1.353506916395657527e+03
1.352796458838521630e+03
1.351973424697347355e+03
1.351046525395331628e+03
1.350009615655170819e+03
1.348871406900061857e+03
1.347625753852701337e+03
1.346273939586036477e+03
1.344817247173013811e+03
1.343256959686579876e+03
1.341594360199681660e+03
1.339823303435016442e+03
1.337945072465530302e+03
1.335968378714420396e+03
1.333887076904383321e+03
1.331702450108366293e+03
1.329423209749565558e+03
1.327035782200428002e+03
1.324541450533900615e+03
1.321956354523430264e+03
1.319274348891713544e+03
1.316489288361447052e+03
1.313617312706078110e+03
1.310644848298052921e+03
1.307580606560568640e+03
1.304425870566572030e+03
1.301174495038760142e+03
1.297835191400328995e+03
1.294409242724225805e+03
1.290890503733147625e+03
1.287287685850290927e+03
1.283602072148602701e+03
1.279820089000529379e+03
1.275965304529768218e+03
1.272024145108765651e+03
1.268005322160718606e+03
1.263902690408323906e+03
1.259724961274778252e+03
1.255473417833028407e+03
1.251149343156021132e+03
1.246746591966453707e+03
1.242273875687522150e+03
1.237732477392173678e+03
1.233123571307063230e+03
1.228447896273679135e+03
1.223713510637466470e+03
1.218906187693122092e+03
1.214041414136342382e+03
1.209112391612072770e+03
1.204127178465759698e+03
1.199086404692598990e+03
1.193990700287787377e+03
1.188840695246520227e+03
1.183637019563994500e+03
1.178387731585655501e+03
1.173086032956449799e+03
1.167739982021823380e+03
1.162350208776972295e+03
1.156909914866842655e+03
1.151427158636880677e+03
1.145902570082282864e+03
1.140344207548494524e+03
1.134745272680461994e+03
1.129113823823631719e+03
1.123450490973199521e+03
1.117755904124361905e+03
1.112030693272314466e+03
1.106275488412253708e+03
1.100498347889625620e+03
1.094699901699626253e+03
1.088873351487201717e+03
1.083034183948048167e+03
1.077175600727111487e+03
1.071298231819588409e+03
1.065410135570924467e+03
1.059511941976315939e+03
1.053604281030959100e+03
1.047687782730050003e+03
1.041763077068784469e+03
1.035838222392608714e+03
1.029913848696719242e+03
1.023990585976311650e+03
1.018061635876332616e+03
1.012149913442727552e+03
1.006241191970192972e+03
1.000343529804175319e+03
9.944649852901200120e+02
9.885987600729737323e+02
9.827454841479323022e+02
9.769132158604417100e+02
9.711100135559481714e+02
9.653290788793983666e+02
9.595710418259875496e+02
9.538437764471362925e+02
9.481469912679100389e+02
9.424802105193485886e+02
9.368503867827415661e+02
9.312496159388787191e+02
9.256848505690493312e+02
9.201556149042932020e+02
9.146688615259000699e+02
9.092241146649097345e+02
9.038134702021113753e+02
8.984438807187950715e+02
8.931222987962504476e+02
8.878408203152667966e+02
8.826063978571337429e+02
8.774259840031413660e+02
8.722842462838289066e+02
8.671955656307363824e+02
8.621594662749031386e+02
8.571754724473688611e+02
8.522356800289232979e+02
8.473618983013559500e+02
8.425313664449565749e+02
8.377658937415147875e+02
8.330501477215701698e+02
8.283985093166625120e+02
8.238030744075812208e+02
8.192707955756160345e+02
8.148011970518067528e+02
8.104012314174425455e+02
8.060629945533137288e+02
8.017860106904595341e+02
7.975772324101695858e+02
7.934436122937336222e+02
7.893698178716914526e+02
7.853702300755824126e+02
7.814369447861962499e+02
7.775769145848227026e+02
7.737896637025011159e+02
7.700747163702715170e+02
7.664315968191732509e+02
7.628672576304961694e+02
7.593812230352798451e+02
7.559655889143139120e+02
7.526273078488878809e+02
7.493659040700415517e+02
7.461883301590645488e+02
7.430866819967465062e+02
7.400679121643770486e+02
7.371241165427458100e+02
7.342696760633923532e+02
7.314891785539012972e+02
7.287891780807858595e+02
7.261761490076044083e+02
7.236417089974149803e+02
7.211923324137759437e+02
7.188270652699956145e+02
7.165449535793819678e+02
7.143450433552433196e+02
7.122189522606379342e+02
7.101880113596238289e+02
7.082289816147596184e+02
7.063557657398530409e+02
7.045674097482126399e+02
7.028555313028965656e+02
7.012266047674628453e+02
6.996722478049698566e+02
6.982063631292259061e+02
6.968205684032890304e+02
6.955139096404675456e+02
6.942854328540695406e+02
6.931341840574033313e+02
6.920666376140271723e+02
6.910744111869992139e+02
6.901558079546025510e+02
6.893173022803956655e+02
6.885557116726115510e+02
6.878700821445586371e+02
6.872594597095447853e+02
6.867228903808786526e+02
6.862601630068930945e+02
6.858703236008964268e+02
6.855524181761969658e+02
6.853054927461028001e+02
6.851285933239222459e+02
6.850215087579883857e+02
6.849825422265846555e+02
6.850114825780441379e+02
6.851066329906498140e+02
6.852670394777103411e+02
6.854932337225835681e+02
6.857827760685279372e+02
6.861347125288514235e+02
6.865480891168625703e+02
6.870226946808943467e+02
6.875553467291800871e+02
6.881465769450778680e+02
6.887939456718460178e+02
6.894972417578178465e+02
6.902540255462512278e+02
6.910633430504548187e+02
6.919243243822722889e+02
6.928356932126660013e+02
6.937962573111342408e+02
6.948048244471747239e+02
6.958624308953608306e+02
6.969656559201154096e+02
6.981147929609867333e+02
6.993086497874727456e+02
7.005460341690715040e+02
7.018250110402562996e+02
7.031458738405750637e+02
7.045066875045006327e+02
7.059062598015316325e+02
7.073433985011656659e+02
7.088169113729009041e+02
7.103256061862356319e+02
7.118682907106679068e+02
7.134437727156954452e+02
7.150508599708166457e+02
7.166876174105045720e+02
7.183535956392821618e+02
7.200476024266474724e+02
7.217669598720488011e+02
7.235112185800090856e+02
7.252784434850015032e+02
7.270674423565238840e+02
7.288770229640746265e+02
7.307052502421265672e+02
7.325501891251528832e+02
7.344113902176765123e+02
7.362869184541707455e+02
7.381740959340835389e+02
7.400732160969630513e+02
7.419816010422572390e+02
7.438973157044392792e+02
7.458199106880323370e+02
7.477467080924841412e+02
7.496772585223180840e+02
7.516088840769821218e+02
7.535396496909494317e+02
7.554691059687429515e+02
7.573945750098109784e+02
7.593148645836512287e+02
7.612272967897121134e+02
7.631314222325164565e+02
7.650245630115126687e+02
7.669055268961984666e+02
7.687716359860220336e+02
7.706224408855066486e+02
7.724552636941001538e+02
7.742690566160654271e+02
7.760626067596992925e+02
7.778370741731378075e+02
7.795839620491925643e+02
7.813140872913249950e+02
7.830204387623964521e+02
7.847034336755183404e+02
7.863634892438021780e+02
7.879935943301089765e+02
7.895941661475503679e+02
7.911656219092379843e+02
7.927158071785329412e+02
7.942302824680465392e+02
7.957168933411404623e+02
7.971760570109258879e+02
7.985933339900143437e+02
7.999839981920169976e+02
8.013410384797955430e+02
8.026574437162112190e+02
8.039484878148755342e+02
8.051923029381497372e+02
8.064041629996453366e+02
8.075770568622235714e+02
8.087114017389959599e+02
8.098001864928238547e+02
8.108512566870685987e+02
8.118650295348417103e+02
8.128344938990046558e+02
8.137600669926686123e+02
8.146347376786950463e+02
8.154737798706953527e+02
8.162627540812810594e+02
8.170020775235634574e+02
8.176921674106538376e+02
8.183408693059136567e+02
8.189411720722044947e+02
8.194860645723874768e+02
8.199833923698241733e+02
8.204261443273759369e+02
8.208221660084041105e+02
8.211644462757700467e+02
8.214534023425852638e+02
8.216968797722112186e+02
8.218804390772589841e+02
8.220044974708404197e+02
8.220769005163166412e+02
8.220980654267989394e+02
8.220535527148988422e+02
8.219586362942277447e+02
8.217988766773971747e+02
8.215896089203099564e+02
8.213166992470352170e+02
8.209883600746840102e+02
8.206053754701169964e+02
8.201611011499450115e+02
8.196563211810289431e+02
8.190918196302295655e+02
8.184758089146577049e+02
8.177942164006741450e+02
8.170626828556397641e+02
8.162671356459153458e+02
8.154157871886117164e+02
8.145019932003397116e+02
8.135339660982100440e+02
8.125050615988336631e+02
8.114234921193213950e+02
8.102826133762838481e+02
8.090906377868319623e+02
8.078409210675768009e+02
8.065342472853787967e+02
8.051714005070990652e+02
8.037531647995980393e+02
8.022877525799870000e+02
8.007610912146265036e+02
7.991813931206273764e+02
7.975494423648505062e+02
7.958585946639067288e+02
7.941170624349067566e+02
7.923256297447114775e+02
7.904850806601816657e+02
7.885887708979281570e+02
7.866449128750618911e+02
7.846468623081935903e+02
7.826028316144338532e+02
7.805061765103937432e+02
7.783651094131840864e+02
7.761729860394157186e+02
7.739305904559494138e+02
7.716461350798956573e+02
7.693204039781159054e+02
7.669467528672205390e+02
7.645259658140704460e+02
7.620588268855264005e+02
7.595535484986994561e+02
7.570034863702002212e+02
7.544094245668894700e+02
7.517795755058782561e+02
7.491072949037770741e+02
7.463933668274470392e+02
7.436460036939988640e+02
7.408659209329853184e+02
7.380461310744777848e+02
7.351870063614893525e+02
7.322963473872835038e+02
7.293745263948733282e+02
7.264219156272720284e+02
7.234388873274931484e+02
7.204183853882997255e+02
7.173682104029551283e+02
7.142887346144724461e+02
7.111803302658651091e+02
7.080433696001464341e+02
7.048782248603295102e+02
7.016852682894275404e+02
6.984648721304541823e+02
6.952248369766723499e+02
6.919581067208455352e+02
6.886724819562367657e+02
6.853609065756094196e+02
6.820237528219767000e+02
6.786762496388520276e+02
6.753039125687486148e+02
6.719071138546795510e+02
6.685010824401582568e+02
6.650713338676980584e+02
6.616330970808121492e+02
6.581793159722635664e+02
6.547103627850660814e+02
6.512340381124824944e+02
6.477432858472762973e+02
6.442459065827107452e+02
6.407348442115488751e+02
6.372178993270542833e+02
6.337028725224901109e+02
6.301752793403694568e+02
6.266503487242057417e+02
6.231135962165121782e+02
6.195802507608021870e+02
6.160506846000888572e+02
6.125141274520105981e+02
6.089820940849555200e+02
6.054534710718869519e+02
6.019293734908430906e+02
5.984101735848373664e+02
5.948977292669327426e+02
5.913931556151678706e+02
5.878983105426058273e+02
5.844135662922598158e+02
5.809407807771931402e+02
5.774810690754441111e+02
5.740354278806987622e+02
5.706058660192833258e+02
5.671913025930723506e+02
5.637928852090149121e+02
5.604117614740605404e+02
5.570475933251080960e+02
5.537007855340818878e+02
5.503724857079313324e+02
5.470630986185806250e+02
5.437730290379539611e+02
5.405026817379754220e+02
5.372546899956444122e+02
5.340279729128352528e+02
5.308244209315222406e+02
5.276451816586542236e+02
5.244899170311306307e+02
5.213597746559008783e+02
5.182559021399139283e+02
5.151779614200694368e+02
5.121271001033161383e+02
5.091037229615785691e+02
5.061082347667808108e+02
5.031410402908473429e+02
5.002032871407271273e+02
4.972953800883447002e+02
4.944184667406488529e+02
4.915722090345392985e+02
4.887577545769650555e+02
4.859762509748753700e+02
4.832273601651695003e+02
4.805122297547966355e+02
4.778305216806561475e+02
4.751841263847221057e+02
4.725727058038937685e+02
4.699966647100956152e+02
4.674571507102764372e+02
4.649530829063110673e+02
4.624870945751981708e+02
4.600588476538374039e+02
4.576687469141526208e+02
4.553171971280684147e+02
4.530060887375589118e+02
4.507343408444982629e+02
4.485038438908607645e+02
4.463135169785206244e+02
4.441652505494522529e+02
4.420594493755795042e+02
4.399950325587771545e+02
4.379738905410189886e+02
4.359956852592043788e+02
4.340607675890066162e+02
4.321692728210947507e+02
4.303220251849119222e+02
4.285176204048262889e+02
4.267568827102807631e+02
4.250398934956937183e+02
4.233667341554831296e+02
4.217374860840669726e+02
4.201522306758635636e+02
4.186103064902659412e+02
4.171117949216920238e+02
4.156575201995852353e+02
4.142460780483135068e+02
4.128790355323449148e+02
4.115549883760476177e+02
4.102747608088647553e+02
4.090369485551643720e+02
4.078423758443896077e+02
4.066911240709584945e+02
4.055817889592391339e+02
4.045159375736998300e+02
4.034914228036835198e+02
4.025090688786332294e+02
4.015689571929672752e+02
4.006704263060786388e+02
3.998128147773604155e+02
3.989969468362557450e+02
3.982221610421577225e+02
3.974885387894844371e+02
3.967946758026040470e+02
3.961413963109595784e+02
3.955280388739441833e+02
3.949539420509509569e+02
3.944184444013729944e+02
3.939208844846035049e+02
3.934620865300854007e+02
3.930406462621868968e+02
3.926559022403010886e+02
3.923079358588460650e+02
3.919960856772149782e+02
3.917196902548009234e+02
3.914788309860219897e+02
3.912721035952461648e+02
3.910995894768917083e+02
3.909606271903517722e+02
3.908538124599942876e+02
3.907799695152624508e+02
3.907376940805243066e+02
3.907255818801481269e+02
3.907451999786017609e+02
3.907937078870547225e+02
3.908714342841808502e+02
3.909780144704804457e+02
3.911130837464535830e+02
3.912762774126005070e+02
3.914664879343962980e+02
3.916840934473663083e+02
3.919279864169855045e+02
3.921978021437541884e+02
3.924931759281724908e+02
3.928137430707406565e+02
3.931591388719587599e+02
3.935282557973020516e+02
3.939207291472706629e+02
3.943361942223647247e+02
3.947742863230845956e+02
3.952338979149052420e+02
3.957146642983269658e+02
3.962154779388249040e+02
3.967359741368991877e+02
3.972757881930500616e+02
3.978338125727526631e+02
3.984096825765072367e+02
3.990022906697888629e+02
3.996112721530977865e+02
4.002362623269340816e+02
4.008754108217480052e+02
4.015290957730647392e+02
4.021962096463594776e+02
4.028756449071073575e+02
4.035670368558085102e+02
4.042692779579381295e+02
4.049812606789715232e+02
4.057033631544337595e+02
4.064337350147748680e+02
4.071712687254702701e+02
4.079163424220450906e+02
4.086671057349494163e+02
4.094231939646833780e+02
4.101834995767223404e+02
4.109469150365413839e+02
4.117130756446406394e+02
4.124808738664953580e+02
4.132499450026056138e+02
4.140184386834216639e+02
4.147859902094436961e+02
4.155514920461468478e+02
4.163138366590062560e+02
4.170726593485221656e+02
4.178261097451447768e+02
4.185739166411028691e+02
4.193161827955401577e+02
4.200508759542539678e+02
4.207796780381667077e+02
4.215005567930756456e+02
4.222129656348282651e+02
4.229178436493216964e+02
4.236139014173785426e+02
4.243013351898709971e+02
4.249788555476214924e+02
4.256466587415023355e+02
4.263034553523359591e+02
4.269501844660196070e+02
4.275855566633757121e+02
4.282090253602515304e+02
4.288200439724946023e+02
4.294188087509771208e+02
4.300047731115465126e+02
4.305766476350250400e+02
4.311346285722851803e+02
4.316781693391741896e+02
4.322067233515394946e+02
4.327197440252284082e+02
4.332174276111132940e+02
4.336984846900165280e+02
4.341631115128103602e+02
4.346107614953422740e+02
4.350416308884846330e+02
4.354536874380347058e+02
4.358471273948648559e+02
4.362228898448724408e+02
4.365781996988299056e+02
4.369139960426344373e+02
4.372297322921335763e+02
4.375248618631745217e+02
4.377988381716046433e+02
4.380511146332714816e+02
4.382818874990471159e+02
4.384906101847790865e+02
4.386759932712896557e+02
4.388382330094513009e+02
4.389775256501362719e+02
4.390918389391419510e+02
4.391828547973905756e+02
4.392477981356546479e+02
4.392883508748566328e+02
4.393032235958184515e+02
4.392911268793629347e+02
4.392529998113872125e+02
4.391882958077387116e+02
4.390965168123370290e+02
4.389773588813914671e+02
4.388313094342082650e+02
4.386581130550691228e+02
4.384582571632803365e+02
4.382307435080985556e+02
4.379760595088301329e+02
4.376939497497565981e+02
4.373856444852094683e+02
4.370494026294201717e+02
4.366864544367201120e+02
4.362958016563659385e+02
4.358779317076640609e+02
4.354333320099208890e+02
4.349617471474179524e+02
4.344636645394616608e+02
4.339380859353086635e+02
4.333854987542652566e+02
4.328071332506630711e+02
4.322012483387335351e+02
4.315698171078330461e+02
4.309118413072181397e+02
4.302270655211702888e+02
4.295174628390460043e+02
4.287812921750768282e+02
4.280190409485689997e+02
4.272319394138542066e+02
4.264189893201889276e+02
4.255806780868795158e+02
4.247174931332325514e+02
4.238291790435294502e+02
4.229162232370767356e+02
4.219783702981558235e+02
4.210161076460732943e+02
4.200291798651105637e+02
4.190195600446241997e+02
4.179862499338705106e+02
4.169297369521560768e+02
4.158505085187873078e+02
4.147490520530707840e+02
4.136258549743130288e+02
4.124806618667953444e+02
4.113139601498243110e+02
4.101254944076814013e+02
4.089172377297230696e+02
4.076874490301808009e+02
4.064373585633860557e+02
4.051681965836704080e+02
4.038782220052652292e+02
4.025701507525520810e+02
4.012429544851198102e+02
3.998977130089620005e+02
3.985347332053795526e+02
3.971535791206486010e+02
3.957545576360699897e+02
3.943387184679697270e+02
3.929056256626238337e+02
3.914555861013333242e+02
3.899889066653990994e+02
3.885066370711472246e+02
3.870083413648536066e+02
3.854943264278192601e+02
3.839656419763701365e+02
3.824218520567822566e+02
3.808647492204066225e+02
3.792938975135191981e+02
3.777096038174208843e+02
3.761129178484377462e+02
3.745041464878707416e+02
3.728835966170208849e+02
3.712515751171891338e+02
3.696083888696764461e+02
3.679550875908088301e+02
3.662912353268623065e+02
3.646186246291878206e+02
3.629360767090362856e+02
3.612453841177587606e+02
3.595468537366562032e+02
3.578400496120046341e+02
3.561267642951549988e+02
3.544065618323833178e+02
3.526804919400154859e+02
3.509488614993525744e+02
3.492127202267205348e+02
3.474716321683953311e+02
3.457273898757279653e+02
3.439803002300193953e+02
3.422299272775456416e+02
3.404780635696577065e+02
3.387250159876564908e+02
3.369703485778180152e+02
3.352158538914933388e+02
3.334618388099832487e+02
3.317078673795638792e+02
3.299557321515861759e+02
3.282049971723262161e+02
3.264574549931347747e+02
3.247126696602880429e+02
3.229724337251368524e+02
3.212363112339572240e+02
3.195060271466401787e+02
3.177815503871859164e+02
3.160627822881348266e+02
3.143503670170524060e+02
3.126449487415036970e+02
3.109464287940293730e+02
3.092547085071694823e+02
3.075704320484894652e+02
3.058935007505296539e+02
3.042245587808553182e+02
3.025635074720068474e+02
3.009109909915495678e+02
2.992669106720238119e+02
2.976319106809948494e+02
2.960066351860280633e+02
2.943909855196637864e+02
2.927856058494672880e+02
2.911903975079789575e+02
2.896060046627641782e+02
2.880323286463630552e+02
2.864700136263411423e+02
2.849197037702636521e+02
2.833805575756459803e+02
2.818532192100534530e+02
2.803390756760763907e+02
2.788372854712300182e+02
2.773484927630797756e+02
2.758733417191909894e+02
2.744124765071289289e+02
2.729650556244089330e+02
2.715332089086464293e+02
2.701160948573566429e+02
2.687143576381049570e+02
2.673278985834316472e+02
2.659573618609019832e+02
2.646033916380814617e+02
2.632651464124853646e+02
2.619440131867039554e+02
2.606391504582525727e+02
2.593519452297215935e+02
2.580822988336512367e+02
2.568301126025820054e+02
2.555967735391041060e+02
2.543814401407328489e+02
2.531847565750336742e+02
2.520073670095717375e+02
2.508499156119125928e+02
2.497108180445464143e+02
2.485922041450885160e+02
2.474932324110543505e+02
2.464145082891396044e+02
2.453564823425621455e+02
2.443180807436202713e+02
2.433004581696872890e+02
2.423032836280864899e+02
2.413269689611661875e+02
2.403704403412245938e+02
2.394348524456351015e+02
2.385191314466959227e+02
2.376251748568054154e+02
2.367504231782119462e+02
2.358967739233136456e+02
2.350638960994338618e+02
2.342514587138959712e+02
2.334591307740232082e+02
2.326865812871388925e+02
2.319349649306163030e+02
2.312039507117787025e+02
2.304924648029244736e+02
2.298016618814268668e+02
2.291312109546091733e+02
2.284800381947696906e+02
2.278492982792817259e+02
2.272379173804436050e+02
2.266470501756285501e+02
2.260756228371348868e+02
2.255240472073109288e+02
2.249919922934799672e+02
2.244791271029653785e+02
2.239851206430902835e+02
2.235111275912280746e+02
2.230560741196771062e+02
2.226196292357605557e+02
2.222014619468018282e+02
2.218019840951492085e+02
2.214216075231508967e+02
2.210585155680802245e+02
2.207138629073105562e+02
2.203865757131401608e+02
2.200770658279173517e+02
2.197850022589653065e+02
2.195107968486324239e+02
2.192533757692170582e+02
2.190124080280423868e+02
2.187883054674567234e+02
2.185807370947834727e+02
2.183893719173457839e+02
2.182138789424670620e+02
2.180539271774705981e+02
2.179099284647046204e+02
2.177800845708286772e+02
2.176656423201472421e+02
2.175656384612759666e+02
2.174805954128804615e+02
2.174095499235764919e+02
2.173530244120296402e+02
2.173100556268556431e+02
2.172804231516951745e+02
2.172653922402388673e+02
2.172632568060772655e+02
2.172737964328512703e+02
2.172975335392264071e+02
2.173335048738183559e+02
2.173814900202677904e+02
2.174420113972404351e+02
2.175141057533518563e+02
2.175975526722427276e+02
2.176921317375538933e+02
2.177983653679507938e+02
2.179145474770242288e+02
2.180412004834398374e+02
2.181781039708382650e+02
2.183242946878351916e+02
2.184810378881212500e+02
2.186458846502621896e+02
2.188193573929236493e+02
2.190019785347712684e+02
2.191920419893957046e+02
2.193900701754626539e+02
2.195958426766127332e+02
2.198083962414617076e+02
2.200267676186251720e+02
2.202522220617938160e+02
2.204830534845582974e+02
2.207197843055842839e+02
2.209614512734874268e+02
2.212078339719084283e+02
2.214587119844879339e+02
2.217131220598416519e+02
2.219708437816101707e+02
2.222316567334342494e+02
2.224953404989544765e+02
2.227616746618115542e+02
2.230289531355961401e+02
2.232976983389739303e+02
2.235676898555855132e+02
2.238379644340466541e+02
2.241083016579979983e+02
2.243777382760551689e+02
2.246460538718588396e+02
2.249138188103658536e+02
2.251795667366224620e+02
2.254433649120160794e+02
2.257052805979340917e+02
2.259653810557639702e+02
2.262229907118681069e+02
2.264781768276339164e+02
2.267310066644487847e+02
2.269808046486751607e+02
2.272276380417004020e+02
2.274715741049120368e+02
2.277111944296473496e+02
2.279480519473438278e+02
2.281807282493388982e+02
2.284085477619949245e+02
2.286330634167493372e+02
2.288528568049395346e+02
2.290672523529279658e+02
2.292778029921520329e+02
2.294823474789241118e+02
2.296816959096566677e+02
2.298759155457370582e+02
2.300635879785027669e+02
2.302455233043661735e+02
2.304217887847146358e+02
2.305909660108856940e+02
2.307531222442666774e+02
2.309083247462450004e+02
2.310558979431830551e+02
2.311966519314933066e+02
2.313291683025131817e+02
2.314542571526550034e+02
2.315712429082812491e+02
2.316794499957543678e+02
2.317796885114867678e+02
2.318705400468157336e+02
2.319528146981538157e+02
2.320258368918634062e+02
2.320889310543068120e+02
2.321429072818966119e+02
2.321870900009950844e+02
2.322208036379647638e+02
2.322433726191679284e+02
2.322563498760421226e+02
2.322575741648996086e+02
2.322485984171779876e+02
2.322280042242144873e+02
2.321951160123716988e+02
2.321514867130868822e+02
2.320949550826724987e+02
2.320271032768751240e+02
2.319466590085775977e+02
2.318538648850220341e+02
2.317489635134503487e+02
2.316321975011046277e+02
2.315030666202019063e+02
2.313610706429591914e+02
2.312071950116435346e+02
2.310409394984719711e+02
2.308625467106864164e+02
2.306715164205040480e+02
2.304680912351667530e+02
2.302517709268916235e+02
2.300235409379457110e+02
2.297829010405459940e+02
2.295293510069095646e+02
2.292646191143282977e+02
2.289867194649693545e+02
2.286973803361247519e+02
2.283953586649865031e+02
2.280816398938215741e+02
2.277564666298720510e+02
2.274185958103299470e+02
2.270690128774622565e+02
2.267079604385110656e+02
2.263341954306683590e+02
2.259487032962011028e+02
2.255517266423514684e+02
2.251427652413363489e+02
2.247220617003978020e+02
2.242906014618028792e+02
2.238471414627435934e+02
2.233919243104620023e+02
2.229259354472250720e+02
2.224486746452498380e+02
2.219603845117783578e+02
2.214605648190276384e+02
2.209502010092647026e+02
2.204287928547066429e+02
2.198965829625953177e+02
2.193530711051479045e+02
2.187992427246314264e+02
2.182353404282878273e+02
2.176608639883341425e+02
2.170767988470374519e+02
2.164826447766147055e+02
2.158779015492829956e+02
2.152642974423343389e+02
2.146413322279857141e+02
2.140092485134792355e+02
2.133675338645786042e+02
2.127171126912845409e+02
2.120574115270947004e+02
2.113885997405315322e+02
2.107108467001176564e+02
2.100250646094004594e+02
2.093299371668524884e+02
2.086271194110463796e+02
2.079152950404545663e+02
2.071961190936496280e+02
2.064682752691040832e+02
2.057334186053903409e+02
2.049902328009811185e+02
2.042396300594237744e+02
2.034825225842659506e+02
2.027175940739801376e+02
2.019457567321138356e+02
2.011679227622145731e+02
2.003827758627549258e+02
1.995919710723073592e+02
1.987949349243694144e+02
1.979910939524386322e+02
1.971821031950875636e+02
1.963673891858136926e+02
1.955478641281645480e+02
1.947222117206126768e+02
1.938920870017306015e+02
1.930569165050158063e+02
1.922176124340159049e+02
1.913743441572533186e+02
1.905272810432506105e+02
1.896765924605303724e+02
1.888224477776150536e+02
1.879650163630272175e+02
1.871059532553393581e+02
1.862431993179990570e+02
1.853784095895787516e+02
1.845124962736260272e+02
1.836441430686134026e+02
1.827742621780884349e+02
1.819030229705736303e+02
1.810305948145914101e+02
1.801578899136894734e+02
1.792850776363902412e+02
1.784115845161913114e+02
1.775390655916650928e+02
1.766669473963092400e+02
1.757953992986461742e+02
1.749253335022234808e+02
1.740561765405386723e+02
1.731888052802645461e+02
1.723232124055500663e+02
1.714593552636693516e+02
1.705971912018967203e+02
1.697374204025312565e+02
1.688792573778222561e+02
1.680241451450938825e+02
1.671705553815703524e+02
1.663206739396008800e+02
1.654729724964096249e+02
1.646288940693208644e+02
1.637876531705837237e+02
1.629499499824974293e+02
1.621149990173112485e+02
1.612842432923493163e+02
1.604568973198608433e+02
1.596336612821450558e+02
1.588137496914511360e+02
1.579986055651033325e+02
1.571867005803258053e+02
1.563802205894677684e+02
1.555776372697534100e+02
1.547796508034819851e+02
1.539877042079776572e+02
1.531995263254396491e+02
1.524173030082171181e+02
1.516402487685593599e+02
1.508690637887654873e+02
1.501037054161097615e+02
1.493433881628413360e+02
1.485895550462844596e+02
1.478414205786883429e+02
1.470996849423521269e+02
1.463643054845501013e+02
1.456359823875814357e+02
1.449146729987202775e+02
1.441995918302158941e+02
1.434921818993924774e+02
1.427924005535242600e+02
1.421002051398853894e+02
1.414155530057501267e+02
1.407391443334175847e+02
1.400701936351370591e+02
1.394101439282327419e+02
1.387582097249537867e+02
1.381143483725744545e+02
1.374792600533938867e+02
1.368529021146863727e+02
1.362359747387510538e+02
1.356276924378371405e+02
1.350287320338297548e+02
1.344389340719326640e+02
1.338588585719605817e+02
1.332875798836781769e+02
1.327264008619251285e+02
1.321736530214411118e+02
1.316306392170657773e+02
1.310971766335889299e+02
1.305723396207751250e+02
1.300574310334640984e+02
1.295515252214205475e+02
1.290551822044591574e+02
1.285682191673695911e+02
1.280904532949415398e+02
1.276217017719646947e+02
1.271625246182537268e+02
1.267127390185983131e+02
1.262721621577881592e+02
1.258406112206129706e+02
1.254186462268873612e+02
1.250053415263761138e+02
1.246019999739188222e+02
1.242076959192801979e+02
1.238229893822749688e+02
1.234476975476927549e+02
1.230816376003232904e+02
1.227246267249562237e+02
1.223764821063812462e+02
1.220377637644130573e+02
1.217082888838413623e+02
1.213871318144308020e+02
1.210755954110210695e+02
1.207727540233768622e+02
1.204791676713128652e+02
1.201939107045937618e+02
1.199175431430342229e+02
1.196506250064489478e+02
1.193914878095775975e+02
1.191414344072598936e+02
1.189002819842854990e+02
1.186671048904190968e+02
1.184424631454753865e+02
1.182261739342440166e+02
1.180173116064896988e+02
1.178171790170521263e+02
1.176255933507209619e+02
1.174416289572609315e+02
1.172651030214616554e+02
1.170965755631378755e+02
1.169358637670791978e+02
1.167827915403924521e+02
1.166372096794525675e+02
1.164989757029514550e+02
1.163686899646062187e+02
1.162454671480838044e+02
1.161291647720761944e+02
1.160203831903003788e+02
1.159182370864234173e+02
1.158233268141622574e+02
1.157355098922088814e+02
1.156539010042303204e+02
1.155791005039435788e+02
1.155109659100406247e+02
1.154493547412134120e+02
1.153933816811290143e+02
1.153443899185293873e+02
1.153014941370815762e+02
1.152645518554775208e+02
1.152326777573842236e+02
1.152072150315436971e+02
1.151872783616229299e+02
1.151727252663139325e+02
1.151641560993336952e+02
1.151599427093241843e+02
1.151614282850274265e+02
1.151669846750854163e+02
1.151779550682401663e+02
1.151934541481586507e+02
1.152125965985078295e+02
1.152367256080297722e+02
1.152649558603914244e+02
1.152971448742847826e+02
1.153324073333768638e+02
1.153720864264096519e+02
1.154145540020251701e+02
1.154611532489653882e+02
1.155102560158723151e+02
1.155624626564629125e+02
1.156168878544042116e+02
1.156748747984382106e+02
1.157340525021818820e+02
1.157957641543772382e+02
1.158598672737162616e+02
1.159254765438659831e+02
1.159924494835183566e+02
1.160606436113653928e+02
1.161299164460991165e+02
1.162001255064114531e+02
1.162711283109944702e+02
1.163427823785401358e+02
1.164149705660168905e+02
1.164869342484739860e+02
1.165586829742621262e+02
1.166309691267569661e+02
1.167023165842592221e+02
1.167742205651695997e+02
1.168459477828137381e+02
1.169175077855423979e+02
1.169881672866812039e+02
1.170586786696059107e+02
1.171290514826671370e+02
1.171985524391906353e+02
1.172664482525020730e+02
1.173342341410021561e+02
1.174011768180165518e+02
1.174672858318959641e+02
1.175318278959660745e+02
1.175948125585776012e+02
1.176569922031062134e+02
1.177176335428776071e+02
1.177767461262424717e+02
1.178343395015515114e+02
1.178904232171554014e+02
1.179442639863798235e+02
1.179958713575755098e+02
1.180459977141181156e+02
1.180931669343083286e+02
1.181381314015218749e+02
1.181809006641094157e+02
1.182214842704216693e+02
1.182591489337842887e+02
1.182939042025479637e+02
1.183250167900384469e+02
1.183539819146563872e+02
1.183793234547024724e+02
1.184017937935524003e+02
1.184206596445318525e+02
1.184359305559915470e+02
1.184476160762821593e+02
1.184557257537543649e+02
1.184595263017338880e+02
1.184597701035963979e+02
1.184557238726675905e+02
1.184473971572981412e+02
1.184347995058387824e+02
1.184171976316151529e+02
1.183953439180030074e+02
1.183685050783279706e+02
1.183374334959657688e+02
1.183006530492171180e+02
1.182589349580121478e+02
1.182123829534739627e+02
1.181596339332301397e+02
1.181030389700333245e+02
1.180404921264860434e+02
1.179728588052908691e+02
1.179002615741254090e+02
1.178220801656422623e+02
1.177384371475189653e+02
1.176501979224581476e+02
1.175567422231123800e+02
1.174574497821342334e+02
1.173531860022262805e+02
1.172440734510661287e+02
1.171294918613063487e+02
1.170095638006245338e+02
1.168844118366982485e+02
1.167541585372050719e+02
1.166181836347976315e+02
1.164773525321784575e+02
1.163310449620001634e+02
1.161793834919403423e+02
1.160232335247015385e+02
1.158612319579113432e+02
1.156942441942724003e+02
1.155216499664371952e+02
1.153443146771083718e+02
1.151616180589385010e+02
1.149744255146301697e+02
1.147813739418109407e+02
1.145833287431834435e+02
1.143804124864252145e+02
1.141727477392138326e+02
1.139597142342019254e+02
1.137414345390670576e+02
1.135180312214867797e+02
1.132903696841637071e+02
1.130570868247254310e+02
1.128190480458744958e+02
1.125763759152885228e+02
1.123284501656200831e+02
1.120761361995717635e+02
1.118188137497961065e+02
1.115566053839707479e+02
1.112896336697732380e+02
1.110187640099062065e+02
1.107426333019971594e+02
1.104621069487487546e+02
1.101765646828135203e+02
1.098868719068940720e+02
1.095931489547931506e+02
1.092947643897890657e+02
1.089918273763103542e+02
1.086844470787855101e+02
1.083734754966680072e+02
1.080575361243363801e+02
1.077382237962691391e+02
1.074141620068447480e+02
1.070869455905417169e+02
1.067551980417385806e+02
1.064197713598887987e+02
1.060800318743958996e+02
1.057368315847133573e+02
1.053895368202447145e+02
1.050389995804434449e+02
1.046853290297380425e+02
1.043271486625070281e+02
1.039660533132288691e+02
1.036021521463321164e+02
1.032340686561952481e+02
1.028633976772967742e+02
1.024895055390401666e+02
1.021132442408789558e+02
1.017332372771916340e+02
1.013510794824566830e+02
1.009661371860776313e+02
1.005777767174579935e+02
1.001875929110762371e+02
9.979495209633586228e+01
9.940070627269039960e+01
9.900347893451832704e+01
9.860412208127316092e+01
9.820274487738339531e+01
9.779945648727752427e+01
9.739510891040907836e+01
9.698832564115650712e+01
9.657995867897335529e+01
9.617086002331309658e+01
9.576039600357925963e+01
9.534793294917533046e+01
9.493506569457981925e+01
9.452190340422119164e+01
9.410706957247801085e+01
9.369215903382873023e+01
9.327653811767686420e+01
9.286105882347592910e+01
9.244508748062939674e+01
9.202873325356578960e+01
9.161284814173859559e+01
9.119679847455132915e+01
9.078067654432977918e+01
9.036599282503888730e+01
8.995052674341589238e+01
8.953651473634799629e+01
8.912247906559747435e+01
8.870917049800155496e+01
8.829659696537244429e+01
8.788402356449739727e+01
8.747294389723866459e+01
8.706188022535843629e+01
8.665232615071896305e+01
8.624280393508250597e+01
8.583480718031127310e+01
8.542760098319249096e+01
8.502119327553839412e+01
8.461633482418625363e+01
8.421229072592325338e+01
8.380981174758666441e+01
8.340816298596369904e+01
8.300883804291660795e+01
8.261035918020759539e+01
8.221347716467393241e+01
8.181894276315281900e+01
8.142527823740651627e+01
8.103397718929724647e+01
8.064430471561223612e+01
8.025626874816373402e+01
7.987062005378894014e+01
7.948736656430014591e+01
7.910577337648453522e+01
7.872659125717936490e+01
7.834982813819685532e+01
7.797549195134924105e+01
7.760433346347377892e+01
7.723487493633270162e+01
7.686860997178818877e+01
7.650480366662753795e+01
7.614420678768794915e+01
7.578608443175666309e+01
7.543118736567092242e+01
7.507952352124294748e+01
7.473110083028497286e+01
7.438518438958425349e+01
7.404326780100298322e+01
7.370535899635343924e+01
7.336998023739781161e+01
7.303936796102337325e+01
7.271204442899234266e+01
7.238801757311696861e+01
7.206878099525945913e+01
7.175284299701770863e+01
7.144162737943234731e+01
7.113357264327956386e+01
7.083008862943566442e+01
7.053035667370188833e+01
7.023504378192947684e+01
6.994407412494467735e+01
6.965662903854875765e+01
6.937263269356796513e+01
6.909349493087853489e+01
6.881839708628174890e+01
6.854652049557883231e+01
6.828001783467105668e+01
6.801658476930964525e+01
6.775763114037087576e+01
6.750233828365600175e+01
6.725137320501626448e+01
6.700466007527791135e+01
6.676212306526721818e+01
6.652294351078542434e+01
6.628853125270875069e+01
6.605806762683849342e+01
6.583147680400088575e+01
6.560868295502217507e+01
6.539035308575363104e+01
6.517566853199647881e+01
6.496529629960200225e+01
6.475916055939643456e+01
6.455718548220602315e+01
6.435855240383203579e+01
6.416467116515070757e+01
6.397472310196329204e+01
6.378863238509606504e+01
6.360632318537523844e+01
6.342846250865211033e+01
6.325497452575289259e+01
6.308504057247886720e+01
6.291932765468125410e+01
6.275701710816132817e+01
6.259877593877034485e+01
6.244527115235953119e+01
6.229494124970516822e+01
6.214845323665851140e+01
6.200610270155827664e+01
6.186751668122074932e+01
6.173284219697964659e+01
6.160192913615875909e+01
6.147485023658930459e+01
6.135145538559507372e+01
6.123181732100729135e+01
6.111586029022301858e+01
6.100358313042500669e+01
6.089491047186433548e+01
6.078984122829454861e+01
6.068837431346923950e+01
6.059036007413695302e+01
6.049594599105624582e+01
6.040498241097570542e+01
6.031739396414636900e+01
6.023325384782431513e+01
6.015248669226060940e+01
6.007509141120880969e+01
6.000084406791498282e+01
5.992989214313769963e+01
5.986216026712800442e+01
5.979749878663447760e+01
5.973590661541068414e+01
5.967730838370766833e+01
5.962170300527902356e+01
5.956901511037578700e+01
5.951916932924903136e+01
5.947216457565234293e+01
5.942785119633424529e+01
5.938622810504831762e+01
5.934729421554815332e+01
5.931089987458226176e+01
5.927696971240176538e+01
5.924557692626267880e+01
5.921649757941109016e+01
5.918973058560055733e+01
5.916520057508216013e+01
5.914283217810692861e+01
5.912255002492595679e+01
5.910435302929279544e+01
5.908801725445351138e+01
5.907354161416167670e+01
5.906092502217084217e+01
5.904994354172707460e+01
5.904059608658393188e+01
5.903280728699247959e+01
5.902650177320380465e+01
5.902152989196645194e+01
5.901796484053649294e+01
5.901558268215997316e+01
5.901430804708797240e+01
5.901413984907405563e+01
5.901492843486678197e+01
5.901652415121470341e+01
5.901892591187139914e+01
5.902198406358543536e+01
5.902563420527383187e+01
5.902985581051748198e+01
5.903456503806074807e+01
5.903975233015045632e+01
5.904540812903349689e+01
5.905137430995169723e+01
5.905786416565942432e+01
5.906457100439353525e+01
5.907163383540585500e+01
5.907904310094327371e+01
5.908656639274513367e+01
5.909434272006328825e+01
5.910221395813958623e+01
5.911017054922088221e+01
5.911812865205153145e+01
5.912607870887840988e+01
5.913401116194833662e+01
5.914184217000567401e+01
5.914956217529729798e+01
5.915701305306504310e+01
5.916433381256075563e+01
5.917129204552380628e+01
5.917795247770354905e+01
5.918430555134683857e+01
5.919011885819302421e+01
5.919553140749395226e+01
5.920031079098897919e+01
5.920452173442747323e+01
5.920808039655377542e+01
5.921090293611224809e+01
5.921290551184723938e+01
5.921407856600559683e+01
5.921441254083419636e+01
5.921374931157487254e+01
5.921207932047448708e+01
5.920931872627738102e+01
5.920538368772793092e+01
5.920033893057547658e+01
5.919402633006185965e+01
5.918628776142897152e+01
5.917726223392863005e+01
5.916671733930019883e+01
5.915464351979054669e+01
5.914103121764650695e+01
5.912572230810995677e+01
5.910870723342774369e+01
5.908990215234419452e+01
5.906922322360369293e+01
5.904666088945308644e+01
5.902213130863671608e+01
5.899563501479640593e+01
5.896699005664618909e+01
5.893639599180755795e+01
5.890368096038953638e+01
5.886897023651111738e+01
5.883209196028128929e+01
5.879317140581905932e+01
5.875218528023842168e+01
5.870911029065336351e+01
5.866392314417792164e+01
5.861667483142856128e+01
5.856726777601679856e+01
5.851575296855912001e+01
5.846210711616952693e+01
5.840638120946453427e+01
5.834855195555812912e+01
5.828852177806179924e+01
5.822641595109456603e+01
5.816213689826791011e+01
5.809580989370083870e+01
5.802726307750236145e+01
5.795662172379145716e+01
5.788378825617963486e+01
5.780888794878590176e+01
5.773174894171924620e+01
5.765249650909868251e+01
5.757110735803817647e+01
5.748748391214925846e+01
5.740175144555091435e+01
5.731373809835213251e+01
5.722364342817444083e+01
5.713136985862933415e+01
5.703696838033329186e+01
5.694034141689781592e+01
5.684168852594439869e+01
5.674083784758208537e+01
5.663791465592981922e+01
5.653282137459913059e+01
5.642568327770901249e+01
5.631632850536844614e+01
5.620495661519895947e+01
5.609139574730953370e+01
5.597577117581917605e+01
5.585798532433938846e+01
5.573808918348665742e+01
5.561613374387749076e+01
5.549216999612838208e+01
5.536602608034832684e+01
5.523790155415884584e+01
5.510769884117141970e+01
5.497554352657765264e+01
5.484126530584962467e+01
5.470499131954199612e+01
5.456670014120443568e+01
5.442644462788911852e+01
5.428420335314571332e+01
5.413995489052388876e+01
5.399375209707582712e+01
5.384564782985368225e+01
5.369562066240712284e+01
5.354379773529085185e+01
5.339008333855200306e+01
5.323460461274525812e+01
5.307741441492280643e+01
5.291841703513178885e+01
5.275766533042440898e+01
5.259528644135529873e+01
5.243125894147416943e+01
5.226556140433066844e+01
5.209824668697696382e+01
5.192936764646523784e+01
5.175897713984765858e+01
5.158705374067389471e+01
5.141365030599611430e+01
5.123881969286649962e+01
5.106261475833720453e+01
5.088501407595791903e+01
5.070614478628329636e+01
5.052605974636551878e+01
5.034466324625174849e+01
5.016215670999915943e+01
4.997844442765494222e+01
4.979357925627122938e+01
4.960768833640271680e+01
4.942075024159907315e+01
4.923281782891246650e+01
4.904401823889755718e+01
4.885425576160155003e+01
4.866373182108156215e+01
4.847242499088731194e+01
4.828046241157345264e+01
4.808782265668965294e+01
4.789455858328808802e+01
4.770079733192342530e+01
4.750651747614533349e+01
4.731177187300599485e+01
4.711668766306006262e+01
4.692124341985721969e+01
4.672556628395213352e+01
4.652956054539198050e+01
4.633349572936074168e+01
4.613717093052470375e+01
4.594082476218943611e+01
4.574432442014802547e+01
4.554775995070109218e+01
4.535107283314419391e+01
4.515442739728042199e+01
4.495776512240539091e+01
4.476117605481967132e+01
4.456460167381884929e+01
4.436813202570353809e+01
4.417185715677428703e+01
4.397564426282422545e+01
4.377973195715892274e+01
4.358398743557146560e+01
4.338850074436246018e+01
4.319328764632997064e+01
4.299836390427211796e+01
4.280381956448946568e+01
4.260959610627761407e+01
4.241578357593714799e+01
4.222247201976865938e+01
4.202967720057024081e+01
4.183748916464248424e+01
4.164584939128096863e+01
4.145492221028878532e+01
4.126472338446403398e+01
4.107526867660479297e+01
4.088664813301165424e+01
4.069887751648271745e+01
4.051197258981606097e+01
4.032602339931226965e+01
4.014104570776944314e+01
3.995705527798567402e+01
3.977414215626153293e+01
3.959232210539514085e+01
3.941168517168705421e+01
3.923224711793537978e+01
3.905409799044070951e+01
3.887725355200112176e+01
3.870180384891721559e+01
3.852769036048456996e+01
3.835507741650628333e+01
3.818398077978044114e+01
3.801441621310514307e+01
3.784647376278095976e+01
3.768016919160599798e+01
3.751551826237832898e+01
3.735261102139857314e+01
3.719153751496728688e+01
3.703222745891579848e+01
3.687486064922835993e+01
3.671930798441492527e+01
3.656551464648796923e+01
3.641357438446495820e+01
3.626343238035836691e+01
3.611510809968315527e+01
3.596847244094930574e+01
3.582354486967175689e+01
3.568034485136551126e+01
3.553881756804302228e+01
3.539890820171675756e+01
3.526071050140419061e+01
3.512409536561528256e+01
3.498908225986501463e+01
3.485569064966833963e+01
3.472386571703772518e+01
3.459362692748816670e+01
3.446491946303210341e+01
3.433776278918451652e+01
3.421210208795787366e+01
3.408795682486714185e+01
3.396527218192479580e+01
3.384406762464578833e+01
3.372428833504260837e+01
3.360587949512770933e+01
3.348886057041606534e+01
3.337332530992514279e+01
3.325907032866242474e+01
3.314618937564534917e+01
3.303470191638891862e+01
3.292455313290556518e+01
3.281568820720778490e+01
3.270820088831305128e+01
3.260196207473131125e+01
3.249691694847505374e+01
3.239323354206422323e+01
3.229070847050630277e+01
3.218936119931625939e+01
3.208921119400906719e+01
3.199027792009968252e+01
3.189243227609808784e+01
3.179569372751924305e+01
3.170008173987811517e+01
3.160554149518718603e+01
3.151209245896140132e+01
3.141960552971075060e+01
3.132810017295019023e+01
3.123767013769719370e+01
3.114811203895922986e+01
