# tt
1.281710937500000000e+03
1.227540649414062500e+03
1.173803100585937500e+03
1.132809692382812500e+03
1.103818969726562500e+03
1.084123046875000000e+03
1.070968872070312500e+03
1.063211425781250000e+03
1.059170532226562500e+03
1.057383666992187500e+03
1.058997314453125000e+03
1.062484863281250000e+03
1.066072998046875000e+03
1.070579101562500000e+03
1.077134399414062500e+03
1.085535888671875000e+03
1.095226074218750000e+03
1.105561767578125000e+03
1.116033813476562500e+03
1.126754516601562500e+03
1.137936401367187500e+03
1.149575317382812500e+03
1.161612548828125000e+03
1.173992431640625000e+03
1.186676513671875000e+03
1.199695556640625000e+03
1.213066528320312500e+03
1.226685180664062500e+03
1.240460205078125000e+03
1.254474121093750000e+03
1.268823730468750000e+03
1.283486450195312500e+03
1.298392700195312500e+03
1.313404418945312500e+03
1.328435180664062500e+03
1.343676635742187500e+03
1.359322875976562500e+03
1.375303100585937500e+03
1.391480102539062500e+03
1.407744506835937500e+03
1.424099975585937500e+03
1.440577880859375000e+03
1.457210083007812500e+03
1.474027709960937500e+03
1.491056030273437500e+03
1.508292724609375000e+03
1.525728759765625000e+03
1.543355346679687500e+03
1.561163696289062500e+03
1.579147583007812500e+03
1.597312622070312500e+03
1.615667236328125000e+03
1.634219604492187500e+03
1.652978393554687500e+03
1.671950195312500000e+03
1.691136840820312500e+03
1.710538208007812500e+03
1.730154174804687500e+03
1.749984863281250000e+03
1.770031127929687500e+03
1.790296020507812500e+03
1.810783691406250000e+03
1.831497924804687500e+03
1.852442382812500000e+03
1.873620605468750000e+03
1.895030639648437500e+03
1.916670288085937500e+03
1.938536743164062500e+03
1.960628051757812500e+03
1.982945190429687500e+03
2.005505249023437500e+03
2.028328613281250000e+03
2.051436279296875000e+03
2.074848632812500000e+03
2.098580078125000000e+03
2.122619140625000000e+03
2.146948242187500000e+03
2.171549072265625000e+03
2.196404541015625000e+03
2.221500488281250000e+03
2.246840820312500000e+03
2.272433837890625000e+03
2.298286621093750000e+03
2.324407714843750000e+03
2.350802246093750000e+03
2.377465332031250000e+03
2.404390136718750000e+03
2.431568847656250000e+03
2.458994140625000000e+03
2.486660156250000000e+03
2.514563720703125000e+03
2.542703125000000000e+03
2.571076660156250000e+03
2.599682373046875000e+03
2.628518310546875000e+03
2.657582763671875000e+03
2.686873779296875000e+03
2.716389892578125000e+03
2.746129150390625000e+03
2.776089355468750000e+03
2.806269042968750000e+03
2.836666259765625000e+03
2.867279296875000000e+03
2.898105957031250000e+03
2.929145019531250000e+03
2.960394042968750000e+03
2.991851562500000000e+03
3.023515869140625000e+03
3.055384521484375000e+03
3.087455078125000000e+03
3.119718994140625000e+03
3.152167236328125000e+03
3.184790039062500000e+03
3.217578613281250000e+03
3.250522949218750000e+03
3.283614013671875000e+03
3.316842285156250000e+03
3.350198242187500000e+03
3.383673095703125000e+03
3.417257080078125000e+03
3.450940673828125000e+03
3.484714355468750000e+03
3.518569335937500000e+03
3.552496093750000000e+03
3.586484863281250000e+03
3.620526611328125000e+03
3.654611816406250000e+03
3.688731445312500000e+03
3.722875000000000000e+03
3.757034912109375000e+03
3.791200683593750000e+03
3.825363281250000000e+03
3.859513671875000000e+03
3.893643066406250000e+03
3.927742187500000000e+03
3.961801513671875000e+03
3.995812011718750000e+03
4.029764892578125000e+03
4.063650390625000000e+03
4.097459960937500000e+03
4.131184082031250000e+03
4.164813476562500000e+03
4.198339355468750000e+03
4.231752929687500000e+03
4.265043945312500000e+03
4.298203613281250000e+03
4.331223632812500000e+03
4.364093261718750000e+03
4.396805175781250000e+03
4.429348632812500000e+03
4.461714843750000000e+03
4.493894531250000000e+03
4.525877929687500000e+03
4.557654785156250000e+03
4.589216308593750000e+03
4.620553710937500000e+03
4.651655273437500000e+03
4.682513671875000000e+03
4.713118164062500000e+03
4.743459472656250000e+03
4.773527832031250000e+03
4.803313964843750000e+03
4.832808105468750000e+03
4.862001464843750000e+03
4.890884277343750000e+03
4.919445800781250000e+03
4.947678222656250000e+03
4.975570312500000000e+03
5.003113769531250000e+03
5.030298339843750000e+03
5.057115234375000000e+03
5.083554687500000000e+03
5.109606933593750000e+03
5.135261718750000000e+03
5.160511230468750000e+03
5.185345214843750000e+03
5.209756347656250000e+03
5.233735839843750000e+03
5.257275390625000000e+03
5.280366210937500000e+03
5.303000000000000000e+03
5.325167968750000000e+03
5.346861816406250000e+03
5.368073730468750000e+03
5.388793945312500000e+03
5.409015136718750000e+03
5.428728027343750000e+03
5.447925292968750000e+03
5.466596679687500000e+03
5.484734863281250000e+03
5.502331542968750000e+03
5.519377929687500000e+03
5.535865234375000000e+03
5.551785644531250000e+03
5.567129882812500000e+03
5.581890136718750000e+03
5.596057617187500000e+03
5.609624023437500000e+03
5.622581054687500000e+03
5.634920898437500000e+03
5.646644042968750000e+03
5.657749511718750000e+03
5.668239257812500000e+03
5.678112304687500000e+03
5.687370605468750000e+03
5.696015136718750000e+03
5.704044921875000000e+03
5.711461425781250000e+03
5.718265136718750000e+03
5.724456542968750000e+03
5.730036621093750000e+03
5.735005859375000000e+03
5.739363769531250000e+03
5.743112792968750000e+03
5.746251953125000000e+03
5.748782714843750000e+03
5.750705566406250000e+03
5.752020507812500000e+03
5.752728515625000000e+03
5.752830566406250000e+03
5.752327148437500000e+03
5.751218261718750000e+03
5.749504394531250000e+03
5.747187011718750000e+03
5.744266601562500000e+03
5.740742675781250000e+03
5.736617187500000000e+03
5.731890136718750000e+03
5.726562011718750000e+03
5.720633300781250000e+03
5.714104980468750000e+03
5.706977539062500000e+03
5.699250976562500000e+03
5.690926757812500000e+03
5.682004882812500000e+03
5.672486328125000000e+03
5.662371582031250000e+03
5.651660644531250000e+03
5.640354980468750000e+03
5.628455078125000000e+03
5.615960937500000000e+03
5.602873535156250000e+03
5.589193359375000000e+03
5.574920898437500000e+03
5.560057128906250000e+03
5.544602539062500000e+03
5.528557128906250000e+03
5.511922363281250000e+03
5.494698242187500000e+03
5.476887207031250000e+03
5.458497558593750000e+03
5.439540527343750000e+03
5.420025390625000000e+03
5.399962890625000000e+03
5.379363281250000000e+03
5.358236328125000000e+03
5.336593750000000000e+03
5.314444335937500000e+03
5.291799316406250000e+03
5.268667968750000000e+03
5.245062011718750000e+03
5.220990722656250000e+03
5.196464355468750000e+03
5.171493652343750000e+03
5.146088867187500000e+03
5.120260742187500000e+03
5.094018066406250000e+03
5.067372558593750000e+03
5.040333984375000000e+03
5.012912597656250000e+03
4.985119140625000000e+03
4.956962890625000000e+03
4.928455078125000000e+03
4.899605957031250000e+03
4.870425292968750000e+03
4.840923828125000000e+03
4.811111328125000000e+03
4.780999023437500000e+03
4.750596679687500000e+03
4.719914062500000000e+03
4.688961914062500000e+03
4.657750976562500000e+03
4.626290527343750000e+03
4.594592285156250000e+03
4.562665039062500000e+03
4.530520019531250000e+03
4.498167480468750000e+03
4.465617187500000000e+03
4.432879882812500000e+03
4.399965820312500000e+03
4.366885253906250000e+03
4.333647949218750000e+03
4.300265136718750000e+03
4.266746582031250000e+03
4.233102539062500000e+03
4.199343750000000000e+03
4.165479492187500000e+03
4.131521484375000000e+03
4.097478515625000000e+03
4.063362060546875000e+03
4.029180664062500000e+03
3.994944580078125000e+03
3.960663085937500000e+03
3.926345214843750000e+03
3.892000976562500000e+03
3.857639404296875000e+03
3.823269775390625000e+03
3.788902587890625000e+03
3.754545898437500000e+03
3.720210205078125000e+03
3.685904785156250000e+03
3.651638427734375000e+03
3.617421875000000000e+03
3.583263183593750000e+03
3.549172607421875000e+03
3.515159179687500000e+03
3.481232666015625000e+03
3.447402587890625000e+03
3.413678222656250000e+03
3.380069091796875000e+03
3.346584472656250000e+03
3.313233886718750000e+03
3.280027099609375000e+03
3.246973388671875000e+03
3.214082031250000000e+03
3.181362792968750000e+03
3.148824951171875000e+03
3.116477783203125000e+03
3.084330810546875000e+03
3.052393798828125000e+03
3.020676025390625000e+03
2.989186767578125000e+03
2.957936035156250000e+03
2.926932373046875000e+03
2.896186035156250000e+03
2.865706054687500000e+03
2.835502197265625000e+03
2.805583740234375000e+03
2.775960205078125000e+03
2.746641113281250000e+03
2.717635498046875000e+03
2.688953369140625000e+03
2.660603759765625000e+03
2.632596435546875000e+03
2.604940429687500000e+03
2.577645507812500000e+03
2.550721679687500000e+03
2.524177246093750000e+03
2.498022216796875000e+03
2.472265136718750000e+03
2.446907714843750000e+03
2.421951416015625000e+03
2.397396972656250000e+03
2.373245849609375000e+03
2.349498779296875000e+03
2.326156738281250000e+03
2.303221191406250000e+03
2.280692871093750000e+03
2.258572753906250000e+03
2.236862304687500000e+03
2.215562255859375000e+03
2.194673828125000000e+03
2.174197998046875000e+03
2.154135498046875000e+03
2.134488037109375000e+03
2.115255859375000000e+03
2.096440673828125000e+03
2.078043457031250000e+03
2.060065185546875000e+03
2.042506713867187500e+03
2.025369262695312500e+03
2.008653930664062500e+03
1.992361694335937500e+03
1.976493530273437500e+03
1.961050659179687500e+03
1.946034057617187500e+03
1.931444702148437500e+03
1.917283813476562500e+03
1.903552246093750000e+03
1.890251098632812500e+03
1.877381591796875000e+03
1.864944702148437500e+03
1.852941528320312500e+03
1.841372924804687500e+03
1.830239868164062500e+03
1.819543945312500000e+03
1.809285766601562500e+03
1.799466308593750000e+03
1.790087158203125000e+03
1.781148681640625000e+03
1.772652465820312500e+03
1.764599243164062500e+03
1.756990356445312500e+03
1.749826416015625000e+03
1.743109008789062500e+03
1.736838867187500000e+03
1.731016845703125000e+03
1.725644531250000000e+03
1.720722778320312500e+03
1.716250976562500000e+03
1.712224487304687500e+03
1.708636718750000000e+03
1.705481079101562500e+03
1.702751098632812500e+03
1.700440551757812500e+03
1.698542968750000000e+03
1.697051757812500000e+03
1.695960571289062500e+03
1.695262939453125000e+03
1.694952392578125000e+03
1.695022460937500000e+03
1.695466918945312500e+03
1.696279052734375000e+03
1.697452514648437500e+03
1.698980957031250000e+03
1.700857788085937500e+03
1.703076782226562500e+03
1.705631225585937500e+03
1.708514892578125000e+03
1.711721191406250000e+03
1.715243652343750000e+03
1.719076049804687500e+03
1.723211914062500000e+03
1.727644653320312500e+03
1.732367797851562500e+03
1.737375122070312500e+03
1.742659790039062500e+03
1.748215820312500000e+03
1.754036499023437500e+03
1.760115478515625000e+03
1.766446411132812500e+03
1.773022705078125000e+03
1.779837768554687500e+03
1.786885498046875000e+03
1.794159179687500000e+03
1.801652587890625000e+03
1.809359130859375000e+03
1.817272460937500000e+03
1.825386108398437500e+03
1.833693481445312500e+03
1.842188476562500000e+03
1.850864379882812500e+03
1.859714721679687500e+03
1.868733154296875000e+03
1.877913208007812500e+03
1.887248657226562500e+03
1.896732666015625000e+03
1.906359130859375000e+03
1.916121337890625000e+03
1.926013183593750000e+03
1.936027587890625000e+03
1.946158203125000000e+03
1.956398193359375000e+03
1.966740966796875000e+03
1.977179931640625000e+03
1.987708374023437500e+03
1.998319824218750000e+03
2.009007202148437500e+03
2.019764038085937500e+03
2.030583740234375000e+03
2.041459716796875000e+03
2.052385253906250000e+03
2.063353515625000000e+03
2.074357910156250000e+03
2.085391845703125000e+03
2.096448730468750000e+03
2.107521728515625000e+03
2.118604492187500000e+03
2.129689941406250000e+03
2.140771728515625000e+03
2.151843017578125000e+03
2.162897216796875000e+03
2.173927734375000000e+03
2.184927734375000000e+03
2.195890380859375000e+03
2.206809814453125000e+03
2.217678710937500000e+03
2.228490234375000000e+03
2.239238281250000000e+03
2.249916015625000000e+03
2.260516601562500000e+03
2.271033447265625000e+03
2.281460205078125000e+03
2.291789550781250000e+03
2.302015380859375000e+03
2.312130859375000000e+03
2.322129394531250000e+03
2.332004150390625000e+03
2.341748779296875000e+03
2.351356201171875000e+03
2.360820068359375000e+03
2.370133544921875000e+03
2.379290039062500000e+03
2.388282958984375000e+03
2.397105712890625000e+03
2.405751464843750000e+03
2.414213623046875000e+03
2.422485351562500000e+03
2.430560302734375000e+03
2.438432617187500000e+03
2.446100585937500000e+03
2.453563720703125000e+03
2.460821533203125000e+03
2.467872802734375000e+03
2.474717529296875000e+03
2.481354980468750000e+03
2.487784179687500000e+03
2.494004394531250000e+03
2.500015380859375000e+03
2.505816406250000000e+03
2.511406738281250000e+03
2.516785888671875000e+03
2.521952880859375000e+03
2.526907470703125000e+03
2.531648925781250000e+03
2.536176025390625000e+03
2.540489013671875000e+03
2.544586669921875000e+03
2.548468750000000000e+03
2.552134277343750000e+03
2.555582519531250000e+03
2.558813232421875000e+03
2.561825439453125000e+03
2.564618896484375000e+03
2.567192382812500000e+03
2.569545898437500000e+03
2.571677978515625000e+03
2.573589111328125000e+03
2.575277343750000000e+03
2.576743164062500000e+03
2.577985351562500000e+03
2.579003417968750000e+03
2.579796630859375000e+03
2.580364501953125000e+03
2.580706298828125000e+03
2.580821044921875000e+03
2.580708740234375000e+03
2.580368408203125000e+03
2.579799316406250000e+03
2.579000976562500000e+03
2.577972656250000000e+03
2.576713867187500000e+03
2.575223876953125000e+03
2.573501708984375000e+03
2.571547363281250000e+03
2.569359863281250000e+03
2.566938232421875000e+03
2.564282470703125000e+03
2.561391601562500000e+03
2.558265869140625000e+03
2.554908447265625000e+03
2.551324707031250000e+03
2.547518066406250000e+03
2.543493408203125000e+03
2.539255371093750000e+03
2.534807861328125000e+03
2.530155273437500000e+03
2.525302490234375000e+03
2.520253662109375000e+03
2.515013427734375000e+03
2.509585693359375000e+03
2.503975341796875000e+03
2.498186279296875000e+03
2.492223388671875000e+03
2.486091064453125000e+03
2.479793701171875000e+03
2.473335205078125000e+03
2.466720703125000000e+03
2.459954345703125000e+03
2.453040283203125000e+03
2.445983154296875000e+03
2.438787353515625000e+03
2.431457275390625000e+03
2.423997314453125000e+03
2.416411865234375000e+03
2.408705322265625000e+03
2.400882080078125000e+03
2.392946533203125000e+03
2.384903564453125000e+03
2.376756835937500000e+03
2.368511230468750000e+03
2.360171142578125000e+03
2.351740722656250000e+03
2.343224609375000000e+03
2.334627197265625000e+03
2.325952636718750000e+03
2.317205566406250000e+03
2.308390625000000000e+03
2.299511718750000000e+03
2.290573730468750000e+03
2.281580566406250000e+03
2.272537109375000000e+03
2.263447509765625000e+03
2.254316162109375000e+03
2.245147705078125000e+03
2.235946289062500000e+03
2.226716552734375000e+03
2.217462890625000000e+03
2.208189453125000000e+03
2.198900878906250000e+03
2.189601074218750000e+03
2.180294677734375000e+03
2.170985839843750000e+03
2.161678710937500000e+03
2.152377441406250000e+03
2.143085937500000000e+03
2.133809326171875000e+03
2.124551025390625000e+03
2.115315429687500000e+03
2.106106933593750000e+03
2.096929931640625000e+03
2.087788085937500000e+03
2.078685791015625000e+03
2.069627441406250000e+03
2.060617431640625000e+03
2.051659667968750000e+03
2.042758544921875000e+03
2.033918090820312500e+03
2.025142700195312500e+03
2.016436523437500000e+03
2.007803710937500000e+03
1.999248535156250000e+03
1.990775390625000000e+03
1.982388305664062500e+03
1.974091430664062500e+03
1.965889404296875000e+03
1.957786010742187500e+03
1.949785400390625000e+03
1.941892211914062500e+03
1.934110473632812500e+03
1.926444458007812500e+03
1.918898193359375000e+03
1.911475952148437500e+03
1.904182128906250000e+03
1.897020751953125000e+03
1.889996337890625000e+03
1.883112792968750000e+03
1.876374511718750000e+03
1.869785766601562500e+03
1.863350341796875000e+03
1.857072998046875000e+03
1.850957763671875000e+03
1.845008789062500000e+03
1.839230346679687500e+03
1.833626586914062500e+03
1.828201904296875000e+03
1.822960571289062500e+03
1.817906494140625000e+03
1.813044067382812500e+03
1.808376708984375000e+03
1.803904907226562500e+03
1.799628295898437500e+03
1.795546630859375000e+03
1.791659423828125000e+03
1.787966674804687500e+03
1.784467529296875000e+03
1.781161865234375000e+03
1.778049682617187500e+03
1.775130371093750000e+03
1.772403442382812500e+03
1.769869018554687500e+03
1.767526367187500000e+03
1.765375366210937500e+03
1.763415527343750000e+03
1.761646484375000000e+03
1.760068237304687500e+03
1.758680297851562500e+03
1.757482177734375000e+03
1.756473632812500000e+03
1.755654418945312500e+03
1.755024291992187500e+03
1.754582641601562500e+03
1.754329223632812500e+03
1.754263793945312500e+03
1.754386108398437500e+03
1.754695678710937500e+03
1.755192138671875000e+03
1.755875244140625000e+03
1.756744873046875000e+03
1.757800292968750000e+03
1.759041259765625000e+03
1.760467773437500000e+03
1.762079223632812500e+03
1.763875244140625000e+03
1.765855712890625000e+03
1.768020141601562500e+03
1.770368408203125000e+03
1.772899780273437500e+03
1.775614257812500000e+03
1.778511474609375000e+03
1.781591064453125000e+03
1.784852539062500000e+03
1.788295776367187500e+03
1.791920532226562500e+03
1.795726318359375000e+03
1.799712646484375000e+03
1.803879516601562500e+03
1.808226440429687500e+03
1.812752807617187500e+03
1.817458374023437500e+03
1.822338989257812500e+03
1.827390869140625000e+03
1.832609985351562500e+03
1.837992431640625000e+03
1.843533691406250000e+03
1.849229980468750000e+03
1.855077270507812500e+03
1.861071411132812500e+03
1.867208374023437500e+03
1.873484008789062500e+03
1.879894287109375000e+03
1.886435180664062500e+03
1.893102539062500000e+03
1.899892456054687500e+03
1.906800781250000000e+03
1.913823242187500000e+03
1.920956176757812500e+03
1.928195068359375000e+03
1.935536376953125000e+03
1.942975463867187500e+03
1.950508789062500000e+03
1.958131958007812500e+03
1.965840820312500000e+03
1.973631469726562500e+03
1.981499877929687500e+03
1.989442016601562500e+03
1.997453735351562500e+03
2.005530883789062500e+03
2.013669677734375000e+03
2.021865600585937500e+03
2.030114868164062500e+03
2.038413574218750000e+03
2.046757202148437500e+03
2.055142089843750000e+03
2.063563964843750000e+03
2.072018798828125000e+03
2.080502685546875000e+03
2.089011230468750000e+03
2.097540771484375000e+03
2.106086914062500000e+03
2.114645507812500000e+03
2.123213134765625000e+03
2.131784667968750000e+03
2.140357177734375000e+03
2.148925781250000000e+03
2.157486572265625000e+03
2.166035888671875000e+03
2.174569091796875000e+03
2.183082519531250000e+03
2.191572265625000000e+03
2.200034179687500000e+03
2.208465332031250000e+03
2.216861328125000000e+03
2.225219482421875000e+03
2.233535644531250000e+03
2.241806640625000000e+03
2.250028564453125000e+03
2.258197998046875000e+03
2.266311523437500000e+03
2.274365478515625000e+03
2.282355957031250000e+03
2.290280273437500000e+03
2.298133789062500000e+03
2.305913330078125000e+03
2.313615722656250000e+03
2.321237060546875000e+03
2.328773925781250000e+03
2.336222412109375000e+03
2.343579345703125000e+03
2.350841308593750000e+03
2.358003906250000000e+03
2.365064453125000000e+03
2.372019042968750000e+03
2.378864257812500000e+03
2.385596191406250000e+03
2.392211425781250000e+03
2.398706542968750000e+03
2.405077636718750000e+03
2.411321533203125000e+03
2.417434814453125000e+03
2.423413574218750000e+03
2.429253906250000000e+03
2.434953125000000000e+03
2.440506835937500000e+03
2.445911865234375000e+03
2.451164550781250000e+03
2.456261474609375000e+03
2.461199218750000000e+03
2.465973632812500000e+03
2.470581787109375000e+03
2.475019531250000000e+03
2.479283935546875000e+03
2.483370849609375000e+03
2.487277099609375000e+03
2.490998779296875000e+03
2.494532714843750000e+03
2.497875000000000000e+03
2.501022216796875000e+03
2.503971191406250000e+03
2.506718261718750000e+03
2.509263427734375000e+03
2.511606689453125000e+03
2.513748291015625000e+03
2.515688964843750000e+03
2.517428222656250000e+03
2.518966552734375000e+03
2.520304443359375000e+03
2.521441406250000000e+03
2.522378417968750000e+03
2.523114990234375000e+03
2.523651855468750000e+03
2.523989257812500000e+03
2.524126953125000000e+03
2.524065429687500000e+03
2.523804931640625000e+03
2.523345703125000000e+03
2.522687744140625000e+03
2.521831298828125000e+03
2.520776611328125000e+03
2.519524414062500000e+03
2.518073974609375000e+03
2.516426269531250000e+03
2.514580810546875000e+03
2.512538574218750000e+03
2.510299316406250000e+03
2.507863281250000000e+03
2.505230712890625000e+03
2.502401855468750000e+03
2.499376953125000000e+03
2.496156250000000000e+03
2.492739746093750000e+03
2.489127929687500000e+03
2.485320800781250000e+03
2.481318359375000000e+03
2.477121582031250000e+03
2.472729736328125000e+03
2.468143798828125000e+03
2.463363525390625000e+03
2.458389404296875000e+03
2.453221435546875000e+03
2.447859863281250000e+03
2.442304687500000000e+03
2.436556884765625000e+03
2.430615722656250000e+03
2.424482177734375000e+03
2.418155761718750000e+03
2.411637207031250000e+03
2.404926757812500000e+03
2.398024169921875000e+03
2.390930419921875000e+03
2.383648925781250000e+03
2.376182373046875000e+03
2.368534667968750000e+03
2.360709472656250000e+03
2.352710205078125000e+03
2.344540039062500000e+03
2.336203125000000000e+03
2.327702392578125000e+03
2.319041503906250000e+03
2.310224121093750000e+03
2.301253662109375000e+03
2.292133544921875000e+03
2.282867431640625000e+03
2.273458984375000000e+03
2.263910888671875000e+03
2.254227783203125000e+03
2.244412353515625000e+03
2.234468505859375000e+03
2.224399658203125000e+03
2.214208984375000000e+03
2.203900634765625000e+03
2.193477783203125000e+03
2.182943603515625000e+03
2.172302246093750000e+03
2.161556640625000000e+03
2.150710937500000000e+03
2.139768066406250000e+03
2.128731689453125000e+03
2.117605468750000000e+03
2.106392822265625000e+03
2.095096923828125000e+03
2.083721923828125000e+03
2.072270751953125000e+03
2.060747314453125000e+03
2.049155029296875000e+03
2.037497436523437500e+03
2.025777587890625000e+03
2.013999633789062500e+03
2.002166870117187500e+03
1.990282470703125000e+03
1.978350463867187500e+03
1.966373901367187500e+03
1.954356445312500000e+03
1.942301879882812500e+03
1.930213256835937500e+03
1.918094360351562500e+03
1.905948730468750000e+03
1.893779907226562500e+03
1.881591064453125000e+03
1.869385986328125000e+03
1.857167724609375000e+03
1.844939453125000000e+03
1.832704467773437500e+03
1.820465942382812500e+03
1.808227050781250000e+03
1.795990722656250000e+03
1.783760498046875000e+03
1.771539306640625000e+03
1.759330200195312500e+03
1.747136962890625000e+03
1.734961914062500000e+03
1.722808959960937500e+03
1.710680908203125000e+03
1.698581054687500000e+03
1.686512451171875000e+03
1.674478393554687500e+03
1.662482055664062500e+03
1.650526489257812500e+03
1.638614990234375000e+03
1.626750732421875000e+03
1.614936767578125000e+03
1.603176391601562500e+03
1.591472778320312500e+03
1.579829101562500000e+03
1.568248413085937500e+03
1.556733886718750000e+03
1.545288940429687500e+03
1.533916625976562500e+03
1.522620117187500000e+03
1.511402465820312500e+03
1.500266967773437500e+03
1.489216796875000000e+03
1.478255004882812500e+03
1.467384887695312500e+03
1.456609619140625000e+03
1.445932495117187500e+03
1.435356445312500000e+03
1.424884765625000000e+03
1.414520507812500000e+03
1.404267089843750000e+03
1.394127563476562500e+03
1.384105102539062500e+03
1.374202636718750000e+03
1.364423828125000000e+03
1.354771484375000000e+03
1.345249023437500000e+03
1.335859375000000000e+03
1.326605712890625000e+03
1.317491577148437500e+03
1.308519287109375000e+03
1.299689697265625000e+03
1.291003173828125000e+03
1.282459838867187500e+03
1.274060058593750000e+03
1.265803955078125000e+03
1.257692016601562500e+03
1.249724365234375000e+03
1.241901367187500000e+03
1.234223144531250000e+03
1.226689941406250000e+03
1.219302246093750000e+03
1.212060302734375000e+03
1.204964111328125000e+03
1.198014160156250000e+03
1.191210571289062500e+03
1.184553710937500000e+03
1.178043945312500000e+03
1.171681274414062500e+03
1.165466308593750000e+03
1.159398925781250000e+03
1.153479614257812500e+03
1.147708618164062500e+03
1.142086425781250000e+03
1.136612792968750000e+03
1.131288330078125000e+03
1.126113281250000000e+03
1.121087768554687500e+03
1.116212402343750000e+03
1.111486938476562500e+03
1.106912109375000000e+03
1.102487915039062500e+03
1.098214599609375000e+03
1.094092651367187500e+03
1.090122070312500000e+03
1.086303466796875000e+03
1.082636718750000000e+03
1.079122314453125000e+03
1.075760375976562500e+03
1.072551391601562500e+03
1.069495483398437500e+03
1.066593017578125000e+03
1.063844116210937500e+03
1.061249023437500000e+03
1.058808227539062500e+03
1.056521850585937500e+03
1.054390136718750000e+03
1.052413330078125000e+03
1.050591796875000000e+03
1.048925659179687500e+03
1.047414916992187500e+03
1.046057861328125000e+03
1.044851684570312500e+03
1.043794677734375000e+03
1.042884399414062500e+03
1.042118408203125000e+03
1.041494506835937500e+03
1.041010620117187500e+03
1.040664306640625000e+03
1.040453369140625000e+03
1.040375366210937500e+03
1.040428344726562500e+03
1.040609741210937500e+03
1.040917480468750000e+03
1.041349121093750000e+03
1.041902465820312500e+03
1.042575439453125000e+03
1.043365478515625000e+03
1.044270385742187500e+03
1.045288085937500000e+03
1.046416015625000000e+03
1.047652221679687500e+03
1.048994018554687500e+03
1.050439575195312500e+03
1.051986450195312500e+03
1.053632446289062500e+03
1.055375000000000000e+03
1.057212158203125000e+03
1.059141601562500000e+03
1.061160888671875000e+03
1.063267944335937500e+03
1.065460327148437500e+03
1.067735961914062500e+03
1.070092407226562500e+03
1.072527587890625000e+03
1.075039062500000000e+03
1.077624633789062500e+03
1.080281982421875000e+03
1.083008911132812500e+03
1.085803100585937500e+03
1.088662231445312500e+03
1.091584106445312500e+03
1.094566528320312500e+03
1.097607055664062500e+03
1.100703613281250000e+03
1.103853759765625000e+03
1.107055419921875000e+03
1.110306030273437500e+03
1.113603515625000000e+03
1.116945678710937500e+03
1.120330200195312500e+03
1.123754394531250000e+03
1.127216064453125000e+03
1.130712646484375000e+03
1.134241821289062500e+03
1.137800903320312500e+03
1.141387695312500000e+03
1.144999511718750000e+03
1.148634033203125000e+03
1.152288818359375000e+03
1.155961303710937500e+03
1.159649047851562500e+03
1.163349609375000000e+03
1.167060668945312500e+03
1.170779663085937500e+03
1.174504150390625000e+03
1.178231567382812500e+03
1.181959472656250000e+03
1.185685546875000000e+03
1.189407348632812500e+03
1.193122314453125000e+03
1.196828125000000000e+03
1.200521972656250000e+03
1.204201782226562500e+03
1.207864990234375000e+03
1.211509033203125000e+03
1.215131591796875000e+03
1.218730102539062500e+03
1.222302124023437500e+03
1.225845336914062500e+03
1.229357177734375000e+03
1.232835083007812500e+03
1.236276855468750000e+03
1.239679809570312500e+03
1.243041625976562500e+03
1.246359741210937500e+03
1.249631835937500000e+03
1.252855224609375000e+03
1.256027587890625000e+03
1.259146606445312500e+03
1.262209716796875000e+03
1.265214355468750000e+03
1.268158203125000000e+03
1.271038696289062500e+03
1.273853515625000000e+03
1.276600097656250000e+03
1.279275878906250000e+03
1.281878784179687500e+03
1.284406005859375000e+03
1.286855102539062500e+03
1.289224121093750000e+03
1.291512207031250000e+03
1.293718872070312500e+03
1.295843872070312500e+03
1.297886474609375000e+03
1.299846435546875000e+03
1.301723144531250000e+03
1.303516235351562500e+03
1.305225463867187500e+03
1.306850219726562500e+03
1.308389892578125000e+03
1.309844238281250000e+03
1.311212890625000000e+03
1.312495117187500000e+03
1.313690795898437500e+03
1.314799194335937500e+03
1.315820190429687500e+03
1.316753051757812500e+03
1.317597534179687500e+03
1.318353027343750000e+03
1.319019042968750000e+03
1.319595458984375000e+03
1.320081542968750000e+03
1.320477050781250000e+03
1.320781372070312500e+03
1.320994018554687500e+03
1.321114868164062500e+03
1.321143066406250000e+03
1.321078369140625000e+03
1.320920410156250000e+03
1.320668701171875000e+03
1.320322753906250000e+03
1.319881958007812500e+03
1.319346191406250000e+03
1.318714843750000000e+03
1.317987548828125000e+03
1.317163696289062500e+03
1.316243041992187500e+03
1.315224975585937500e+03
1.314109252929687500e+03
1.312895141601562500e+03
1.311582519531250000e+03
1.310170776367187500e+03
1.308659423828125000e+03
1.307048217773437500e+03
1.305336425781250000e+03
1.303523681640625000e+03
1.301609741210937500e+03
1.299593994140625000e+03
1.297476074218750000e+03
1.295255859375000000e+03
1.292934448242187500e+03
1.290513427734375000e+03
1.287994262695312500e+03
1.285378417968750000e+03
1.282667480468750000e+03
1.279862915039062500e+03
1.276966186523437500e+03
1.273978881835937500e+03
1.270902343750000000e+03
1.267738403320312500e+03
1.264488159179687500e+03
1.261153320312500000e+03
1.257735473632812500e+03
1.254235839843750000e+03
1.250656372070312500e+03
1.246998168945312500e+03
1.243262817382812500e+03
1.239451904296875000e+03
1.235567016601562500e+03
1.231609375000000000e+03
1.227580688476562500e+03
1.223482543945312500e+03
1.219316162109375000e+03
1.215083374023437500e+03
1.210785400390625000e+03
1.206423950195312500e+03
1.202000366210937500e+03
1.197516357421875000e+03
1.192973144531250000e+03
1.188372436523437500e+03
1.183715698242187500e+03
1.179004394531250000e+03
1.174239990234375000e+03
1.169424194335937500e+03
1.164558227539062500e+03
1.159643798828125000e+03
1.154682373046875000e+03
1.149675415039062500e+03
1.144624389648437500e+03
1.139530883789062500e+03
1.134396362304687500e+03
1.129222290039062500e+03
1.124010253906250000e+03
1.118761718750000000e+03
1.113478149414062500e+03
1.108161132812500000e+03
1.102812133789062500e+03
1.097432617187500000e+03
1.092024047851562500e+03
1.086588134765625000e+03
1.081126586914062500e+03
1.075640747070312500e+03
1.070132934570312500e+03
1.064604492187500000e+03
1.059057373046875000e+03
1.053493164062500000e+03
1.047913818359375000e+03
1.042320922851562500e+03
1.036716186523437500e+03
1.031101440429687500e+03
1.025478515625000000e+03
1.019849060058593750e+03
1.014214782714843750e+03
1.008577453613281250e+03
1.002938964843750000e+03
9.973007812500000000e+02
9.916649169921875000e+02
9.860330200195312500e+02
9.804067382812500000e+02
9.747879028320312500e+02
9.691783447265625000e+02
9.635796508789062500e+02
9.579937744140625000e+02
9.524222412109375000e+02
9.468668823242187500e+02
9.413294067382812500e+02
9.358117065429687500e+02
9.303154296875000000e+02
9.248422851562500000e+02
9.193940429687500000e+02
9.139724731445312500e+02
9.085793457031250000e+02
9.032163085937500000e+02
8.978852539062500000e+02
8.925877075195312500e+02
8.873257446289062500e+02
8.821007690429687500e+02
8.769147338867187500e+02
8.717694091796875000e+02
8.666663818359375000e+02
8.616074218750000000e+02
8.565944213867187500e+02
8.516290893554687500e+02
8.467130126953125000e+02
8.418481445312500000e+02
8.370360717773437500e+02
8.322786254882812500e+02
8.275775756835937500e+02
8.229345703125000000e+02
8.183512573242187500e+02
8.138280639648437500e+02
8.093656005859375000e+02
8.049641723632812500e+02
8.006241455078125000e+02
7.963458862304687500e+02
7.921299438476562500e+02
7.879764404296875000e+02
7.838861083984375000e+02
7.798590698242187500e+02
7.758958129882812500e+02
7.719967651367187500e+02
7.681622314453125000e+02
7.643927001953125000e+02
7.606885375976562500e+02
7.570501098632812500e+02
7.534778442382812500e+02
7.499720458984375000e+02
7.465333251953125000e+02
7.431617431640625000e+02
7.398580322265625000e+02
7.366223754882812500e+02
7.334552001953125000e+02
7.303569946289062500e+02
7.273279418945312500e+02
7.243687133789062500e+02
7.214794921875000000e+02
7.186607666015625000e+02
7.159129638671875000e+02
7.132363281250000000e+02
7.106314086914062500e+02
7.080985107421875000e+02
7.056380615234375000e+02
7.032504272460937500e+02
7.009360351562500000e+02
6.986953125000000000e+02
6.965285644531250000e+02
6.944362182617187500e+02
6.924187011718750000e+02
6.904763183593750000e+02
6.886095581054687500e+02
6.868187866210937500e+02
6.851043701171875000e+02
6.834667968750000000e+02
6.819063110351562500e+02
6.804234008789062500e+02
6.790184326171875000e+02
6.776917724609375000e+02
6.764439697265625000e+02
6.752752075195312500e+02
6.741857299804687500e+02
6.731748046875000000e+02
6.722412719726562500e+02
6.713840942382812500e+02
6.706022949218750000e+02
6.698948364257812500e+02
6.692605590820312500e+02
6.686985473632812500e+02
6.682077026367187500e+02
6.677869873046875000e+02
6.674353637695312500e+02
6.671517944335937500e+02
6.669351806640625000e+02
6.667844848632812500e+02
6.666987304687500000e+02
6.666768798828125000e+02
6.667178344726562500e+02
6.668205566406250000e+02
6.669839477539062500e+02
6.672070922851562500e+02
6.674888305664062500e+02
6.678281860351562500e+02
6.682241821289062500e+02
6.686755371093750000e+02
6.691814575195312500e+02
6.697407226562500000e+02
6.703524169921875000e+02
6.710154418945312500e+02
6.717287597656250000e+02
6.724912719726562500e+02
6.733020629882812500e+02
6.741599731445312500e+02
6.750639648437500000e+02
6.760130615234375000e+02
6.770061645507812500e+02
6.780422363281250000e+02
6.791202392578125000e+02
6.802391357421875000e+02
6.813978881835937500e+02
6.825954589843750000e+02
6.838307495117187500e+02
6.851027832031250000e+02
6.864104614257812500e+02
6.877528076171875000e+02
6.891286621093750000e+02
6.905371093750000000e+02
6.919770507812500000e+02
6.934474487304687500e+02
6.949472045898437500e+02
6.964753417968750000e+02
6.980307617187500000e+02
6.996121826171875000e+02
7.012183227539062500e+02
7.028478393554687500e+02
7.044994506835937500e+02
7.061719360351562500e+02
7.078638916015625000e+02
7.095739746093750000e+02
7.113010864257812500e+02
7.130436401367187500e+02
7.148005981445312500e+02
7.165704956054687500e+02
7.183520507812500000e+02
7.201440429687500000e+02
7.219450683593750000e+02
7.237539062500000000e+02
7.255692138671875000e+02
7.273897094726562500e+02
7.292139892578125000e+02
7.310408935546875000e+02
7.328690185546875000e+02
7.346972045898437500e+02
7.365239868164062500e+02
7.383480834960937500e+02
7.401682739257812500e+02
7.419832153320312500e+02
7.437916259765625000e+02
7.455921020507812500e+02
7.473834838867187500e+02
7.491643676757812500e+02
7.509335327148437500e+02
7.526895751953125000e+02
7.544312744140625000e+02
7.561572875976562500e+02
7.578663330078125000e+02
7.595571289062500000e+02
7.612283325195312500e+02
7.628786621093750000e+02
7.645067749023437500e+02
7.661114501953125000e+02
7.676912231445312500e+02
7.692449951171875000e+02
7.707713623046875000e+02
7.722690429687500000e+02
7.737366943359375000e+02
7.751730957031250000e+02
7.765767822265625000e+02
7.779465942382812500e+02
7.792812500000000000e+02
7.805793457031250000e+02
7.818398437500000000e+02
7.830620117187500000e+02
7.842456665039062500e+02
7.853903198242187500e+02
7.864956054687500000e+02
7.875610961914062500e+02
7.885864868164062500e+02
7.895712280273437500e+02
7.905150756835937500e+02
7.914176025390625000e+02
7.922784423828125000e+02
7.930971069335937500e+02
7.938732299804687500e+02
7.946065063476562500e+02
7.952965698242187500e+02
7.959428100585937500e+02
7.965451049804687500e+02
7.971029052734375000e+02
7.976158447265625000e+02
7.980835571289062500e+02
7.985056762695312500e+02
7.988817138671875000e+02
7.992113647460937500e+02
7.994942016601562500e+02
7.997298583984375000e+02
7.999179077148437500e+02
8.000580444335937500e+02
8.001498413085937500e+02
8.001928100585937500e+02
8.001866455078125000e+02
8.001309204101562500e+02
8.000253295898437500e+02
7.998693847656250000e+02
7.996627807617187500e+02
7.994050903320312500e+02
7.990958251953125000e+02
7.987347412109375000e+02
7.983214111328125000e+02
7.978554077148437500e+02
7.973363037109375000e+02
7.967637939453125000e+02
7.961374511718750000e+02
7.954569091796875000e+02
7.947216796875000000e+02
7.939315185546875000e+02
7.930859985351562500e+02
7.921846313476562500e+02
7.912271118164062500e+02
7.902130126953125000e+02
7.891420288085937500e+02
7.880137939453125000e+02
7.868289184570312500e+02
7.855880737304687500e+02
7.842919311523437500e+02
7.829411621093750000e+02
7.815364990234375000e+02
7.800785522460937500e+02
7.785680541992187500e+02
7.770057373046875000e+02
7.753921508789062500e+02
7.737280883789062500e+02
7.720142211914062500e+02
7.702512207031250000e+02
7.684397583007812500e+02
7.665804443359375000e+02
7.646740722656250000e+02
7.627213134765625000e+02
7.607229003906250000e+02
7.586793823242187500e+02
7.565914916992187500e+02
7.544599609375000000e+02
7.522854003906250000e+02
7.500685424804687500e+02
7.478101196289062500e+02
7.455106811523437500e+02
7.431710205078125000e+02
7.407918701171875000e+02
7.383737182617187500e+02
7.359174194335937500e+02
7.334235839843750000e+02
7.308929443359375000e+02
7.283261108398437500e+02
7.257238159179687500e+02
7.230867309570312500e+02
7.204155883789062500e+02
7.177109985351562500e+02
7.149736938476562500e+02
7.122042846679687500e+02
7.094035644531250000e+02
7.065721435546875000e+02
7.037107543945312500e+02
7.008200073242187500e+02
6.979006347656250000e+02
6.949533081054687500e+02
6.919787597656250000e+02
6.889776000976562500e+02
6.859505615234375000e+02
6.828982543945312500e+02
6.798214721679687500e+02
6.767208862304687500e+02
6.735971069335937500e+02
6.704511108398437500e+02
6.672839355468750000e+02
6.640964965820312500e+02
6.608897705078125000e+02
6.576646728515625000e+02
6.544221801757812500e+02
6.511633300781250000e+02
6.478890380859375000e+02
6.446001586914062500e+02
6.412979125976562500e+02
6.379830322265625000e+02
6.346566162109375000e+02
6.313195800781250000e+02
6.279728393554687500e+02
6.246174316406250000e+02
6.212543334960937500e+02
6.178844604492187500e+02
6.145087890625000000e+02
6.111282958984375000e+02
6.077438964843750000e+02
6.043566894531250000e+02
6.009674682617187500e+02
5.975773315429687500e+02
5.941871337890625000e+02
5.907979125976562500e+02
5.874106445312500000e+02
5.840263061523437500e+02
5.806457519531250000e+02
5.772700805664062500e+02
5.739001464843750000e+02
5.705369262695312500e+02
5.671815185546875000e+02
5.638347167968750000e+02
5.604976196289062500e+02
5.571710815429687500e+02
5.538561401367187500e+02
5.505537109375000000e+02
5.472648315429687500e+02
5.439904174804687500e+02
5.407314453125000000e+02
5.374887695312500000e+02
5.342636108398437500e+02
5.310567016601562500e+02
5.278690795898437500e+02
5.247017211914062500e+02
5.215556030273437500e+02
5.184317016601562500e+02
5.153309326171875000e+02
5.122542724609375000e+02
5.092026367187500000e+02
5.061764221191406250e+02
5.031760253906250000e+02
5.002018432617187500e+02
4.972542114257812500e+02
4.943334960937500000e+02
4.914401245117187500e+02
4.885744018554687500e+02
4.857367553710937500e+02
4.829274597167968750e+02
4.801470031738281250e+02
4.773957214355468750e+02
4.746739501953125000e+02
4.719820556640625000e+02
4.693204040527343750e+02
4.666894226074218750e+02
4.640894165039062500e+02
4.615208435058593750e+02
4.589839477539062500e+02
4.564792175292968750e+02
4.540069885253906250e+02
4.515675659179687500e+02
4.491614074707031250e+02
4.467888183593750000e+02
4.444501953125000000e+02
4.421459045410156250e+02
4.398763427734375000e+02
4.376418457031250000e+02
4.354428100585937500e+02
4.332795410156250000e+02
4.311524963378906250e+02
4.290620117187500000e+02
4.270084228515625000e+02
4.249921569824218750e+02
4.230135803222656250e+02
4.210729980468750000e+02
4.191708374023437500e+02
4.173074340820312500e+02
4.154832153320312500e+02
4.136985168457031250e+02
4.119536743164062500e+02
4.102490844726562500e+02
4.085851440429687500e+02
4.069621887207031250e+02
4.053805847167968750e+02
4.038407592773437500e+02
4.023430175781250000e+02
4.008877563476562500e+02
3.994753112792968750e+02
3.981061401367187500e+02
3.967803649902343750e+02
3.954978332519531250e+02
3.942580261230468750e+02
3.930606079101562500e+02
3.919051513671875000e+02
3.907911987304687500e+02
3.897184448242187500e+02
3.886863708496093750e+02
3.876946411132812500e+02
3.867428283691406250e+02
3.858305053710937500e+02
3.849573059082031250e+02
3.841227722167968750e+02
3.833265380859375000e+02
3.825681762695312500e+02
3.818472595214843750e+02
3.811634216308593750e+02
3.805162658691406250e+02
3.799053039550781250e+02
3.793302001953125000e+02
3.787904968261718750e+02
3.782858581542968750e+02
3.778157958984375000e+02
3.773799438476562500e+02
3.769778747558593750e+02
3.766092224121093750e+02
3.762734985351562500e+02
3.759703979492187500e+02
3.756994323730468750e+02
3.754602050781250000e+02
3.752523498535156250e+02
3.750754089355468750e+02
3.749290161132812500e+02
3.748127441406250000e+02
3.747261962890625000e+02
3.746689147949218750e+02
3.746405639648437500e+02
3.746406860351562500e+02
3.746689147949218750e+02
3.747247924804687500e+02
3.748079223632812500e+02
3.749179382324218750e+02
3.750544128417968750e+02
3.752169189453125000e+02
3.754050292968750000e+02
3.756183776855468750e+02
3.758565673828125000e+02
3.761191406250000000e+02
3.764057312011718750e+02
3.767159118652343750e+02
3.770492248535156250e+02
3.774050292968750000e+02
3.777826843261718750e+02
3.781814880371093750e+02
3.786007385253906250e+02
3.790398254394531250e+02
3.794979858398437500e+02
3.799745788574218750e+02
3.804689636230468750e+02
3.809803771972656250e+02
3.815082092285156250e+02
3.820517578125000000e+02
3.826103210449218750e+02
3.831832885742187500e+02
3.837699279785156250e+02
3.843695678710937500e+02
3.849815063476562500e+02
3.856051330566406250e+02
3.862396850585937500e+02
3.868845520019531250e+02
3.875390319824218750e+02
3.882024230957031250e+02
3.888740844726562500e+02
3.895532836914062500e+02
3.902394409179687500e+02
3.909317626953125000e+02
3.916296386718750000e+02
3.923323669433593750e+02
3.930392761230468750e+02
3.937496643066406250e+02
3.944629211425781250e+02
3.951782836914062500e+02
3.958951416015625000e+02
3.966127624511718750e+02
3.973305053710937500e+02
3.980476684570312500e+02
3.987635803222656250e+02
3.994775695800781250e+02
4.001889343261718750e+02
4.008970031738281250e+02
4.016011352539062500e+02
4.023006286621093750e+02
4.029947814941406250e+02
4.036829528808593750e+02
4.043644104003906250e+02
4.050385131835937500e+02
4.057045898437500000e+02
4.063619384765625000e+02
4.070098876953125000e+02
4.076477966308593750e+02
4.082749938964843750e+02
4.088910827636718750e+02
4.094958190917968750e+02
4.100888061523437500e+02
4.106697692871093750e+02
4.112383117675781250e+02
4.117941894531250000e+02
4.123370056152343750e+02
4.128664855957031250e+02
4.133823242187500000e+02
4.138841552734375000e+02
4.143716430664062500e+02
4.148445129394531250e+02
4.153023986816406250e+02
4.157449951171875000e+02
4.161719665527343750e+02
4.165830078125000000e+02
4.169777526855468750e+02
4.173559265136718750e+02
4.177172241210937500e+02
4.180612182617187500e+02
4.183876647949218750e+02
4.186962585449218750e+02
4.189866027832031250e+02
4.192584228515625000e+02
4.195113830566406250e+02
4.197451477050781250e+02
4.199594116210937500e+02
4.201538391113281250e+02
4.203280944824218750e+02
4.204818725585937500e+02
4.206148681640625000e+02
4.207266845703125000e+02
4.208170776367187500e+02
4.208856811523437500e+02
4.209321899414062500e+02
4.209562683105468750e+02
4.209575805664062500e+02
4.209358215332031250e+02
4.208906555175781250e+02
4.208217468261718750e+02
4.207288513183593750e+02
4.206115112304687500e+02
4.204695129394531250e+02
4.203024597167968750e+02
4.201100769042968750e+02
4.198920288085937500e+02
4.196479492187500000e+02
4.193775939941406250e+02
4.190805664062500000e+02
4.187566528320312500e+02
4.184060058593750000e+02
4.180288391113281250e+02
4.176253662109375000e+02
4.171958312988281250e+02
4.167404479980468750e+02
4.162593994140625000e+02
4.157529907226562500e+02
4.152213745117187500e+02
4.146648254394531250e+02
4.140835266113281250e+02
4.134777221679687500e+02
4.128476257324218750e+02
4.121934814453125000e+02
4.115155029296875000e+02
4.108139038085937500e+02
4.100888977050781250e+02
4.093407592773437500e+02
4.085696411132812500e+02
4.077758178710937500e+02
4.069595336914062500e+02
4.061209106445312500e+02
4.052602844238281250e+02
4.043778381347656250e+02
4.034737854003906250e+02
4.025483703613281250e+02
4.016017761230468750e+02
4.006342773437500000e+02
3.996460571289062500e+02
3.986373291015625000e+02
3.976083984375000000e+02
3.965593872070312500e+02
3.954906005859375000e+02
3.944022216796875000e+02
3.932944335937500000e+02
3.921675720214843750e+02
3.910217590332031250e+02
3.898572692871093750e+02
3.886743164062500000e+02
3.874730834960937500e+02
3.862538757324218750e+02
3.850168457031250000e+02
3.837622680664062500e+02
3.824903259277343750e+02
3.812012634277343750e+02
3.798952941894531250e+02
3.785726318359375000e+02
3.772335510253906250e+02
3.758782043457031250e+02
3.745068664550781250e+02
3.731197814941406250e+02
3.717174072265625000e+02
3.703001098632812500e+02
3.688684387207031250e+02
3.674228515625000000e+02
3.659637451171875000e+02
3.644916687011718750e+02
3.630069580078125000e+02
3.615101928710937500e+02
3.600017700195312500e+02
3.584821777343750000e+02
3.569518432617187500e+02
3.554112854003906250e+02
3.538609008789062500e+02
3.523011779785156250e+02
3.507325439453125000e+02
3.491555175781250000e+02
3.475705261230468750e+02
3.459780883789062500e+02
3.443785400390625000e+02
3.427724304199218750e+02
3.411602172851562500e+02
3.395423278808593750e+02
3.379192199707031250e+02
3.362913818359375000e+02
3.346593017578125000e+02
3.330233764648437500e+02
3.313840637207031250e+02
3.297418823242187500e+02
3.280972595214843750e+02
3.264506530761718750e+02
3.248025207519531250e+02
3.231533508300781250e+02
3.215035705566406250e+02
3.198536376953125000e+02
3.182040405273437500e+02
3.165552062988281250e+02
3.149076232910156250e+02
3.132617492675781250e+02
3.116180419921875000e+02
3.099769287109375000e+02
3.083389282226562500e+02
3.067044372558593750e+02
3.050739746093750000e+02
3.034479675292968750e+02
3.018268737792968750e+02
3.002111816406250000e+02
2.986013183593750000e+02
2.969977722167968750e+02
2.954009704589843750e+02
2.938113708496093750e+02
2.922292480468750000e+02
2.906548156738281250e+02
2.890884399414062500e+02
2.875302429199218750e+02
2.859805908203125000e+02
2.844396667480468750e+02
2.829077453613281250e+02
2.813850708007812500e+02
2.798719177246093750e+02
2.783685302734375000e+02
2.768751831054687500e+02
2.753920898437500000e+02
2.739195251464843750e+02
2.724577636718750000e+02
2.710070190429687500e+02
2.695675964355468750e+02
2.681397094726562500e+02
2.667236328125000000e+02
2.653196105957031250e+02
2.639278869628906250e+02
2.625487365722656250e+02
2.611824340820312500e+02
2.598291625976562500e+02
2.584892578125000000e+02
2.571629333496093750e+02
2.558504180908203125e+02
2.545520324707031250e+02
2.532679901123046875e+02
2.519985504150390625e+02
2.507439422607421875e+02
2.495044708251953125e+02
2.482803497314453125e+02
2.470718536376953125e+02
2.458792266845703125e+02
2.447027282714843750e+02
2.435426330566406250e+02
2.423991851806640625e+02
2.412725830078125000e+02
2.401631774902343750e+02
2.390711364746093750e+02
2.379967803955078125e+02
2.369403228759765625e+02
2.359020080566406250e+02
2.348821563720703125e+02
2.338809509277343750e+02
2.328986816406250000e+02
2.319356079101562500e+02
2.309919433593750000e+02
2.300679931640625000e+02
2.291639099121093750e+02
2.282796630859375000e+02
2.274151306152343750e+02
2.265701751708984375e+02
2.257447052001953125e+02
2.249385833740234375e+02
2.241516876220703125e+02
2.233838806152343750e+02
2.226351013183593750e+02
2.219051666259765625e+02
2.211940002441406250e+02
2.205014495849609375e+02
2.198274383544921875e+02
2.191718139648437500e+02
2.185344543457031250e+02
2.179152526855468750e+02
2.173141021728515625e+02
2.167308349609375000e+02
2.161653900146484375e+02
2.156176147460937500e+02
2.150874176025390625e+02
2.145746459960937500e+02
2.140791778564453125e+02
2.136009216308593750e+02
2.131397552490234375e+02
2.126955413818359375e+02
2.122681732177734375e+02
2.118575286865234375e+02
2.114634857177734375e+02
2.110859375000000000e+02
2.107247314453125000e+02
2.103797912597656250e+02
2.100509643554687500e+02
2.097381439208984375e+02
2.094412078857421875e+02
2.091600494384765625e+02
2.088945312500000000e+02
2.086445465087890625e+02
2.084099731445312500e+02
2.081906890869140625e+02
2.079865722656250000e+02
2.077975006103515625e+02
2.076233825683593750e+02
2.074640502929687500e+02
2.073194274902343750e+02
2.071893615722656250e+02
2.070737609863281250e+02
2.069725036621093750e+02
2.068854522705078125e+02
2.068124847412109375e+02
2.067534790039062500e+02
2.067081298828125000e+02
2.066761322021484375e+02
2.066571960449218750e+02
2.066509704589843750e+02
2.066571655273437500e+02
2.066754760742187500e+02
2.067055816650390625e+02
2.067471771240234375e+02
2.067999572753906250e+02
2.068635864257812500e+02
2.069377746582031250e+02
2.070222015380859375e+02
2.071165618896484375e+02
2.072205505371093750e+02
2.073338317871093750e+02
2.074561157226562500e+02
2.075870819091796875e+02
2.077264251708984375e+02
2.078738403320312500e+02
2.080289916992187500e+02
2.081915893554687500e+02
2.083613128662109375e+02
2.085378723144531250e+02
2.087209167480468750e+02
2.089101715087890625e+02
2.091053009033203125e+02
2.093060150146484375e+02
2.095119781494140625e+02
2.097229003906250000e+02
2.099384460449218750e+02
2.101583404541015625e+02
2.103822479248046875e+02
2.106098632812500000e+02
2.108408660888671875e+02
2.110749664306640625e+02
2.113118286132812500e+02
2.115511474609375000e+02
2.117926330566406250e+02
2.120359344482421875e+02
2.122807769775390625e+02
2.125268249511718750e+02
2.127737884521484375e+02
2.130213470458984375e+02
2.132691955566406250e+02
2.135169982910156250e+02
2.137644653320312500e+02
2.140112762451171875e+02
2.142571411132812500e+02
2.145017089843750000e+02
2.147447357177734375e+02
2.149859619140625000e+02
2.152252044677734375e+02
2.154622497558593750e+02
2.156969299316406250e+02
2.159289855957031250e+02
2.161582641601562500e+02
2.163845367431640625e+02
2.166076049804687500e+02
2.168272857666015625e+02
2.170433654785156250e+02
2.172556304931640625e+02
2.174638977050781250e+02
2.176679534912109375e+02
2.178676147460937500e+02
2.180626525878906250e+02
2.182528991699218750e+02
2.184381103515625000e+02
2.186180877685546875e+02
2.187926788330078125e+02
2.189616546630859375e+02
2.191248016357421875e+02
2.192819213867187500e+02
2.194328155517578125e+02
2.195773010253906250e+02
2.197151336669921875e+02
2.198461608886718750e+02
2.199701385498046875e+02
2.200869140625000000e+02
2.201962280273437500e+02
2.202978973388671875e+02
2.203917541503906250e+02
2.204775543212890625e+02
2.205551300048828125e+02
2.206242523193359375e+02
2.206847381591796875e+02
2.207363739013671875e+02
2.207789611816406250e+02
2.208123016357421875e+02
2.208361968994140625e+02
2.208504333496093750e+02
2.208548126220703125e+02
2.208491516113281250e+02
2.208332061767578125e+02
2.208068084716796875e+02
2.207697601318359375e+02
2.207218627929687500e+02
2.206628723144531250e+02
2.205926361083984375e+02
2.205109100341796875e+02
2.204175872802734375e+02
2.203126220703125000e+02
2.201960906982421875e+02
2.200680541992187500e+02
2.199285583496093750e+02
2.197776336669921875e+02
2.196153259277343750e+02
2.194417419433593750e+02
2.192568817138671875e+02
2.190608215332031250e+02
2.188535766601562500e+02
2.186352691650390625e+02
2.184058532714843750e+02
2.181654663085937500e+02
2.179141235351562500e+02
2.176518402099609375e+02
2.173787384033203125e+02
2.170948181152343750e+02
2.168001708984375000e+02
2.164948120117187500e+02
2.161787872314453125e+02
2.158521728515625000e+02
2.155150146484375000e+02
2.151673583984375000e+02
2.148092498779296875e+02
2.144407653808593750e+02
2.140619354248046875e+02
2.136728057861328125e+02
2.132734375000000000e+02
2.128638763427734375e+02
2.124441833496093750e+02
2.120143890380859375e+02
2.115745849609375000e+02
2.111247711181640625e+02
2.106650238037109375e+02
2.101954040527343750e+02
2.097159423828125000e+02
2.092266998291015625e+02
2.087277374267578125e+02
2.082190856933593750e+02
2.077008056640625000e+02
2.071729583740234375e+02
2.066355743408203125e+02
2.060887298583984375e+02
2.055324401855468750e+02
2.049667968750000000e+02
2.043917999267578125e+02
2.038075714111328125e+02
2.032140960693359375e+02
2.026114501953125000e+02
2.019997253417968750e+02
2.013790893554687500e+02
2.007497253417968750e+02
2.001118621826171875e+02
1.994656829833984375e+02
1.988114166259765625e+02
1.981492309570312500e+02
1.974793548583984375e+02
1.968019866943359375e+02
1.961173248291015625e+02
1.954255828857421875e+02
1.947269439697265625e+02
1.940216217041015625e+02
1.933098297119140625e+02
1.925917510986328125e+02
1.918676147460937500e+02
1.911376037597656250e+02
1.904019012451171875e+02
1.896607513427734375e+02
1.889143371582031250e+02
1.881628723144531250e+02
1.874065399169921875e+02
1.866455535888671875e+02
1.858801269531250000e+02
1.851104431152343750e+02
1.843367156982421875e+02
1.835591583251953125e+02
1.827779541015625000e+02
1.819933013916015625e+02
1.812054443359375000e+02
1.804145507812500000e+02
1.796208190917968750e+02
1.788244628906250000e+02
1.780256958007812500e+02
1.772247009277343750e+02
1.764216918945312500e+02
1.756168670654296875e+02
1.748104553222656250e+02
1.740026245117187500e+02
1.731935882568359375e+02
1.723835449218750000e+02
1.715727233886718750e+02
1.707612915039062500e+02
1.699494781494140625e+02
1.691374816894531250e+02
1.683254852294921875e+02
1.675137176513671875e+02
1.667023620605468750e+02
1.658916320800781250e+02
1.650817260742187500e+02
1.642728576660156250e+02
1.634651489257812500e+02
1.626587829589843750e+02
1.618538818359375000e+02
1.610506286621093750e+02
1.602491455078125000e+02
1.594496002197265625e+02
1.586521301269531250e+02
1.578568878173828125e+02
1.570640106201171875e+02
1.562736816406250000e+02
1.554860382080078125e+02
1.547012329101562500e+02
1.539193878173828125e+02
1.531406860351562500e+02
1.523652496337890625e+02
1.515932617187500000e+02
1.508248443603515625e+02
1.500601654052734375e+02
1.492993621826171875e+02
1.485426025390625000e+02
1.477900085449218750e+02
1.470417480468750000e+02
1.462979888916015625e+02
1.455588378906250000e+02
1.448244781494140625e+02
1.440950469970703125e+02
1.433707122802734375e+02
1.426515808105468750e+02
1.419378662109375000e+02
1.412296752929687500e+02
1.405271453857421875e+02
1.398304595947265625e+02
1.391397705078125000e+02
1.384552001953125000e+02
1.377769165039062500e+02
1.371050720214843750e+02
1.364397888183593750e+02
1.357812652587890625e+02
1.351296081542968750e+02
1.344850006103515625e+02
1.338475646972656250e+02
1.332174682617187500e+02
1.325948486328125000e+02
1.319798736572265625e+02
1.313726806640625000e+02
1.307734222412109375e+02
1.301822357177734375e+02
1.295992889404296875e+02
1.290247344970703125e+02
1.284586791992187500e+02
1.279011459350585938e+02
1.273521194458007812e+02
1.268115692138671875e+02
1.262795104980468750e+02
1.257558898925781250e+02
1.252407226562500000e+02
1.247339630126953125e+02
1.242356262207031250e+02
1.237456970214843750e+02
1.232641296386718750e+02
1.227909317016601562e+02
1.223260726928710938e+02
1.218695526123046875e+02
1.214213485717773438e+02
1.209814529418945312e+02
1.205498352050781250e+02
1.201264877319335938e+02
1.197113952636718750e+02
1.193045349121093750e+02
1.189059143066406250e+02
1.185154800415039062e+02
1.181332550048828125e+02
1.177592010498046875e+02
1.173933029174804688e+02
1.170355529785156250e+02
1.166859436035156250e+02
1.163444366455078125e+02
1.160110244750976562e+02
1.156856994628906250e+02
1.153684387207031250e+02
1.150592422485351562e+02
1.147580718994140625e+02
1.144649276733398438e+02
1.141797866821289062e+02
1.139026260375976562e+02
1.136334533691406250e+02
1.133722305297851562e+02
1.131189498901367188e+02
1.128736114501953125e+02
1.126361770629882812e+02
1.124066238403320312e+02
1.121849670410156250e+02
1.119711685180664062e+02
1.117652282714843750e+02
1.115671081542968750e+02
1.113768081665039062e+02
1.111943130493164062e+02
1.110196151733398438e+02
1.108526763916015625e+02
1.106934890747070312e+02
1.105419082641601562e+02
1.103978347778320312e+02
1.102611160278320312e+02
1.101316375732421875e+02
1.100092544555664062e+02
1.098938446044921875e+02
1.097852706909179688e+02
1.096834106445312500e+02
1.095881195068359375e+02
1.094992752075195312e+02
1.094167633056640625e+02
1.093404235839843750e+02
1.092701263427734375e+02
1.092057647705078125e+02
1.091472015380859375e+02
1.090942840576171875e+02
1.090468978881835938e+02
1.090049209594726562e+02
1.089682083129882812e+02
1.089366302490234375e+02
1.089100570678710938e+02
1.088883514404296875e+02
1.088713989257812500e+02
1.088590621948242188e+02
1.088511962890625000e+02
1.088476943969726562e+02
1.088484115600585938e+02
1.088532104492187500e+02
1.088619766235351562e+02
1.088745574951171875e+02
1.088908386230468750e+02
1.089106903076171875e+02
1.089339752197265625e+02
1.089605636596679688e+02
1.089903182983398438e+02
1.090231246948242188e+02
1.090588302612304688e+02
1.090973281860351562e+02
1.091384735107421875e+02
1.091821212768554688e+02
1.092281646728515625e+02
1.092764739990234375e+02
1.093268966674804688e+02
1.093793106079101562e+02
1.094335937500000000e+02
1.094896087646484375e+02
1.095472335815429688e+02
1.096063079833984375e+02
1.096667404174804688e+02
1.097283706665039062e+02
1.097910995483398438e+02
1.098548202514648438e+02
1.099194030761718750e+02
1.099847488403320312e+02
1.100507354736328125e+02
1.101172637939453125e+02
1.101842117309570312e+02
1.102514572143554688e+02
1.103189086914062500e+02
1.103864440917968750e+02
1.104539413452148438e+02
1.105213088989257812e+02
1.105884017944335938e+02
1.106551513671875000e+02
1.107214126586914062e+02
1.107870788574218750e+02
1.108520507812500000e+02
1.109161911010742188e+02
1.109794235229492188e+02
1.110415954589843750e+02
1.111026229858398438e+02
1.111623840332031250e+02
1.112207641601562500e+02
1.112776565551757812e+02
1.113329467773437500e+02
1.113865203857421875e+02
1.114382629394531250e+02
1.114880599975585938e+02
1.115358047485351562e+02
1.115813903808593750e+02
1.116246871948242188e+02
1.116656036376953125e+02
1.117040176391601562e+02
1.117398071289062500e+02
1.117728729248046875e+02
1.118031005859375000e+02
1.118303680419921875e+02
1.118545761108398438e+02
1.118755950927734375e+02
1.118933334350585938e+02
1.119076690673828125e+02
1.119184875488281250e+02
1.119256820678710938e+02
1.119291229248046875e+02
1.119287185668945312e+02
1.119243545532226562e+02
1.119158935546875000e+02
1.119032592773437500e+02
1.118863220214843750e+02
1.118649749755859375e+02
1.118392181396484375e+02
1.118090286254882812e+02
1.117744216918945312e+02
1.117353439331054688e+02
1.116918487548828125e+02
1.116438827514648438e+02
1.115914840698242188e+02
1.115346069335937500e+02
1.114732589721679688e+02
1.114074401855468750e+02
1.113371429443359375e+02
1.112623519897460938e+02
1.111830749511718750e+02
1.110993118286132812e+02
1.110110168457031250e+02
1.109182281494140625e+02
1.108209304809570312e+02
1.107191009521484375e+02
1.106127395629882812e+02
1.105018539428710938e+02
1.103864288330078125e+02
1.102664566040039062e+02
1.101419296264648438e+02
1.100128479003906250e+02
1.098791961669921875e+02
1.097409973144531250e+02
1.095981979370117188e+02
1.094508361816406250e+02
1.092988739013671875e+02
1.091423110961914062e+02
1.089811630249023438e+02
1.088154144287109375e+02
1.086450500488281250e+02
1.084700698852539062e+02
1.082904739379882812e+02
1.081062393188476562e+02
1.079173736572265625e+02
1.077238693237304688e+02
1.075257186889648438e+02
1.073229141235351562e+02
1.071154556274414062e+02
1.069033355712890625e+02
1.066865310668945312e+02
1.064650650024414062e+02
1.062389144897460938e+02
1.060080795288085938e+02
1.057725448608398438e+02
1.055323104858398438e+02
1.052873840332031250e+02
1.050377502441406250e+02
1.047834777832031250e+02
1.045246734619140625e+02
1.042613830566406250e+02
1.039936981201171875e+02
1.037217178344726562e+02
1.034454956054687500e+02
1.031651153564453125e+02
1.028806762695312500e+02
1.025922317504882812e+02
1.022998886108398438e+02
1.020037078857421875e+02
1.017037658691406250e+02
1.014001617431640625e+02
1.010929565429687500e+02
1.007822494506835938e+02
1.004680938720703125e+02
1.001505966186523438e+02
9.982982635498046875e+01
9.950585174560546875e+01
9.917877197265625000e+01
9.884865570068359375e+01
9.851558685302734375e+01
9.817964935302734375e+01
9.784090423583984375e+01
9.749945068359375000e+01
9.715536499023437500e+01
9.680872344970703125e+01
9.645960235595703125e+01
9.610809326171875000e+01
9.575426483154296875e+01
9.539820098876953125e+01
9.503998565673828125e+01
9.467968750000000000e+01
9.431739807128906250e+01
9.395319366455078125e+01
9.358715057373046875e+01
9.321935272216796875e+01
9.284987640380859375e+01
9.247880554199218750e+01
9.210621643066406250e+01
9.173219299316406250e+01
9.135681152343750000e+01
9.098015594482421875e+01
9.060230255126953125e+01
9.022332763671875000e+01
8.984331512451171875e+01
8.946234893798828125e+01
8.908050537109375000e+01
8.869786071777343750e+01
8.831449890136718750e+01
8.793049621582031250e+01
8.754593658447265625e+01
8.716089630126953125e+01
8.677544403076171875e+01
8.638967895507812500e+01
8.600366210937500000e+01
8.561748504638671875e+01
8.523121643066406250e+01
8.484494018554687500e+01
8.445873260498046875e+01
8.407267761230468750e+01
8.368685150146484375e+01
8.330133056640625000e+01
8.291619873046875000e+01
8.253152465820312500e+01
8.214739990234375000e+01
8.176389312744140625e+01
8.138108825683593750e+01
8.099906921386718750e+01
8.061790466308593750e+01
8.023767852783203125e+01
7.985846710205078125e+01
7.948036193847656250e+01
7.910341644287109375e+01
7.872773742675781250e+01
7.835337829589843750e+01
7.798043823242187500e+01
7.760898590087890625e+01
7.723910522460937500e+01
7.687086486816406250e+01
7.650434875488281250e+01
7.613964843750000000e+01
7.577682495117187500e+01
7.541596984863281250e+01
7.505715179443359375e+01
7.470046234130859375e+01
7.434596252441406250e+01
7.399374389648437500e+01
7.364389038085937500e+01
7.329646301269531250e+01
7.295155334472656250e+01
7.260924530029296875e+01
7.226959991455078125e+01
7.193270874023437500e+01
7.159864807128906250e+01
7.126749420166015625e+01
7.093933105468750000e+01
7.061423492431640625e+01
7.029228210449218750e+01
6.997354888916015625e+01
6.965805053710937500e+01
6.934580230712890625e+01
6.903681182861328125e+01
6.873110198974609375e+01
6.842868804931640625e+01
6.812957000732421875e+01
6.783377075195312500e+01
6.754129791259765625e+01
6.725216674804687500e+01
6.696638488769531250e+01
6.668397521972656250e+01
6.640494537353515625e+01
6.612931060791015625e+01
6.585707855224609375e+01
6.558827209472656250e+01
6.532289123535156250e+01
6.506095886230468750e+01
6.480248260498046875e+01
6.454747772216796875e+01
6.429595947265625000e+01
6.404792785644531250e+01
6.380342102050781250e+01
6.356242752075195312e+01
6.332497787475585938e+01
6.309107208251953125e+01
6.286072540283203125e+01
6.263396072387695312e+01
6.241077804565429688e+01
6.219119644165039062e+01
6.197522735595703125e+01
6.176288986206054688e+01
6.155419158935546875e+01
6.134914398193359375e+01
6.114776229858398438e+01
6.095005798339843750e+01
6.075605010986328125e+01
6.056574249267578125e+01
6.037915420532226562e+01
6.019629669189453125e+01
6.001718521118164062e+01
5.984182357788085938e+01
5.967023086547851562e+01
5.950242233276367188e+01
5.933841323852539062e+01
5.917821121215820312e+01
5.902183151245117188e+01
5.886928558349609375e+01
5.872058486938476562e+01
5.857574081420898438e+01
5.843476867675781250e+01
5.829761505126953125e+01
5.816423797607421875e+01
5.803459548950195312e+01
5.790862655639648438e+01
5.778628540039062500e+01
5.766752624511718750e+01
5.755230712890625000e+01
5.744057083129882812e+01
5.733226776123046875e+01
5.722734832763671875e+01
5.712577438354492188e+01
5.702748489379882812e+01
5.693244934082031250e+01
5.684059524536132812e+01
5.675189208984375000e+01
5.666628265380859375e+01
5.658372497558593750e+01
5.650416946411132812e+01
5.642755508422851562e+01
5.635384750366210938e+01
5.628299331665039062e+01
5.621494674682617188e+01
5.614965438842773438e+01
5.608707046508789062e+01
5.602714538574218750e+01
5.596983337402343750e+01
5.591508102416992188e+01
5.586284637451171875e+01
5.581307220458984375e+01
5.576572036743164062e+01
5.572072982788085938e+01
5.567806243896484375e+01
5.563766860961914062e+01
5.559949111938476562e+01
5.556349182128906250e+01
5.552961349487304688e+01
5.549782180786132812e+01
5.546804809570312500e+01
5.544026184082031250e+01
5.541440200805664062e+01
5.539042663574218750e+01
5.536828613281250000e+01
5.534793090820312500e+01
5.532931137084960938e+01
5.531237792968750000e+01
5.529708862304687500e+01
5.528339385986328125e+01
5.527123641967773438e+01
5.526057052612304688e+01
5.525135040283203125e+01
5.524352645874023438e+01
5.523703765869140625e+01
5.523182296752929688e+01
5.522782516479492188e+01
5.522500228881835938e+01
5.522329711914062500e+01
5.522263717651367188e+01
5.522298049926757812e+01
5.522426986694335938e+01
5.522644805908203125e+01
5.522946166992187500e+01
5.523325347900390625e+01
5.523776626586914062e+01
5.524294281005859375e+01
5.524872970581054688e+01
5.525506973266601562e+01
5.526191711425781250e+01
5.526920700073242188e+01
5.527688217163085938e+01
5.528488922119140625e+01
5.529317092895507812e+01
5.530167770385742188e+01
5.531034851074218750e+01
5.531913375854492188e+01
5.532796478271484375e+01
5.533679962158203125e+01
5.534557723999023438e+01
5.535424041748046875e+01
5.536273574829101562e+01
5.537100601196289062e+01
5.537899780273437500e+01
5.538665008544921875e+01
5.539391326904296875e+01
5.540073394775390625e+01
5.540704727172851562e+01
5.541280364990234375e+01
5.541794967651367188e+01
5.542241287231445312e+01
5.542616653442382812e+01
5.542913055419921875e+01
5.543126296997070312e+01
5.543250274658203125e+01
5.543279266357421875e+01
5.543207550048828125e+01
5.543030548095703125e+01
5.542741775512695312e+01
5.542336273193359375e+01
5.541807556152343750e+01
5.541151428222656250e+01
5.540361404418945312e+01
5.539436340332031250e+01
5.538373565673828125e+01
5.537171554565429688e+01
5.535828781127929688e+01
5.534342575073242188e+01
5.532712554931640625e+01
5.530934906005859375e+01
5.529009628295898438e+01
5.526933670043945312e+01
5.524705886840820312e+01
5.522324371337890625e+01
5.519786834716796875e+01
5.517092132568359375e+01
5.514237976074218750e+01
5.511222076416015625e+01
5.508043670654296875e+01
5.504700469970703125e+01
5.501190567016601562e+01
5.497512054443359375e+01
5.493663406372070312e+01
5.489642715454101562e+01
5.485447311401367188e+01
5.481076812744140625e+01
5.476528167724609375e+01
5.471800231933593750e+01
5.466890716552734375e+01
5.461798858642578125e+01
5.456521606445312500e+01
5.451057815551757812e+01
5.445404815673828125e+01
5.439561462402343750e+01
5.433525848388671875e+01
5.427296447753906250e+01
5.420870971679687500e+01
5.414247512817382812e+01
5.407424545288085938e+01
5.400400543212890625e+01
5.393172836303710938e+01
5.385740280151367188e+01
5.378100585937500000e+01
5.370252227783203125e+01
5.362193679809570312e+01
5.353922271728515625e+01
5.345436859130859375e+01
5.336735153198242188e+01
5.327815628051757812e+01
5.318676757812500000e+01
5.309315872192382812e+01
5.299731826782226562e+01
5.289923477172851562e+01
5.279893112182617188e+01
5.269644165039062500e+01
5.259180450439453125e+01
5.248504638671875000e+01
5.237620925903320312e+01
5.226531982421875000e+01
5.215241622924804688e+01
5.203752517700195312e+01
5.192068862915039062e+01
5.180193710327148438e+01
5.168130111694335938e+01
5.155881881713867188e+01
5.143452072143554688e+01
5.130844497680664062e+01
5.118061828613281250e+01
5.105107879638671875e+01
5.091986465454101562e+01
5.078699874877929688e+01
5.065252304077148438e+01
5.051646804809570312e+01
5.037886810302734375e+01
5.023975753784179688e+01
5.009916687011718750e+01
4.995713424682617188e+01
4.981369400024414062e+01
4.966887283325195312e+01
4.952271270751953125e+01
4.937524032592773438e+01
4.922649383544921875e+01
4.907650375366210938e+01
4.892530441284179688e+01
4.877293395996093750e+01
4.861941909790039062e+01
4.846479797363281250e+01
4.830910491943359375e+01
4.815237045288085938e+01
4.799462890625000000e+01
4.783591461181640625e+01
4.767626571655273438e+01
4.751570892333984375e+01
4.735427856445312500e+01
4.719201278686523438e+01
4.702894210815429688e+01
4.686509704589843750e+01
4.670051956176757812e+01
4.653524017333984375e+01
4.636928939819335938e+01
4.620269775390625000e+01
4.603551101684570312e+01
4.586774826049804688e+01
4.569942855834960938e+01
4.553056335449218750e+01
4.536116409301757812e+01
4.519124221801757812e+01
4.502080917358398438e+01
4.484987258911132812e+01
4.467844772338867188e+01
4.450654983520507812e+01
4.433418273925781250e+01
4.416136169433593750e+01
4.398809432983398438e+01
4.381439590454101562e+01
4.364027786254882812e+01
4.346575164794921875e+01
4.329082489013671875e+01
4.311551284790039062e+01
4.293982315063476562e+01
4.276377487182617188e+01
4.258736801147460938e+01
4.241062545776367188e+01
4.223354721069335938e+01
4.205615234375000000e+01
4.187845230102539062e+01
4.170045852661132812e+01
4.152217483520507812e+01
4.134362411499023438e+01
4.116480636596679688e+01
4.098574447631835938e+01
4.080643844604492188e+01
4.062690734863281250e+01
4.044716262817382812e+01
4.026720809936523438e+01
4.008706283569335938e+01
3.990673828125000000e+01
3.972623825073242188e+01
3.954558181762695312e+01
3.936477661132812500e+01
3.918383407592773438e+01
3.900276947021484375e+01
3.882158660888671875e+01
3.864030456542968750e+01
3.845893096923828125e+01
3.827747726440429688e+01
3.809595870971679688e+01
3.791437911987304688e+01
3.773275756835937500e+01
3.755109786987304688e+01
3.736941528320312500e+01
3.718772506713867188e+01
