# tt
1.016241639469981806e+03
9.628121974764299011e+02
9.114076695033598980e+02
8.730928914765406716e+02
8.470069186715409160e+02
8.305036039886784920e+02
8.206659745717612395e+02
8.161408311223984811e+02
8.154929647428856470e+02
8.173440502554883551e+02
8.224245684163238366e+02
8.288384452306873982e+02
8.364132964033154849e+02
8.440999058329205127e+02
8.536777592572410640e+02
8.649995284711656041e+02
8.769258936260750943e+02
8.902198610366542653e+02
9.032726228042195089e+02
9.167762375240606616e+02
9.307535766960531873e+02
9.448183323481869138e+02
9.592916562664986486e+02
9.743092492758428307e+02
9.893811424523183859e+02
1.004909186146179763e+03
1.020717464161463454e+03
1.036732790704430727e+03
1.053156670638188189e+03
1.069381551940253757e+03
1.086210540927666216e+03
1.103120951449392578e+03
1.120096627082904888e+03
1.137709976494767943e+03
1.155050867236993327e+03
1.172646200432037404e+03
1.190606137410745987e+03
1.208833903364581147e+03
1.227249701689971744e+03
1.245768040593795604e+03
1.264392072778481861e+03
1.283134112457408037e+03
1.302043615595203619e+03
1.321184894856996380e+03
1.340524132949051136e+03
1.360043552005926358e+03
1.379716384406316820e+03
1.399530719229416718e+03
1.419541500706671286e+03
1.439807525317118234e+03
1.460276716575922819e+03
1.480878565195092051e+03
1.501594560338384554e+03
1.522421047870058828e+03
1.543470334877478535e+03
1.564843158924433283e+03
1.586496226539068630e+03
1.608341674148029369e+03
1.630358493330211786e+03
1.652553219600685452e+03
1.674931138965468563e+03
1.697510224666254771e+03
1.720293593244236263e+03
1.743306646291356401e+03
1.766586816628134557e+03
1.790115665085897717e+03
1.813857070323549124e+03
1.837767482649741396e+03
1.861818209073628395e+03
1.885987997077555065e+03
1.910389352940135723e+03
1.935134795062925605e+03
1.960232844943980581e+03
1.985684595731106128e+03
2.011445064640873170e+03
2.037388962068406272e+03
2.063500917832846881e+03
2.089824988555335040e+03
2.116382945806259613e+03
2.143199025124506534e+03
2.170285032872187003e+03
2.197618097628655960e+03
2.225197633024019524e+03
2.253015624338133875e+03
2.281068330094057728e+03
2.309324531686170303e+03
2.337764712102304202e+03
2.366399067731291780e+03
2.395230366611716363e+03
2.424268393595417365e+03
2.453513859036016129e+03
2.482981918450640478e+03
2.512665442305669330e+03
2.542579586118230964e+03
2.572717220354703841e+03
2.603078643831716363e+03
2.633671583716146870e+03
2.664474053773873038e+03
2.695501209522024965e+03
2.726745921426979749e+03
2.758208488305365790e+03
2.789874352273311615e+03
2.821743812147446533e+03
2.853809738394147644e+03
2.886065001479793864e+03
2.918502471870764111e+03
2.951107591683186456e+03
2.983888088083938783e+03
3.016829403189149616e+03
3.049924247944926719e+03
3.083172123566539085e+03
3.116564943398735522e+03
3.150094620786265295e+03
3.183753069073876304e+03
3.217539629956567751e+03
3.251446216779087990e+03
3.285457314535934984e+03
3.319572264922107934e+03
3.353782981282355195e+03
3.388081376961425121e+03
3.422451936953817039e+03
3.456894002954529242e+03
3.491399488308309174e+03
3.525952878009657525e+03
3.560553513753570769e+03
3.595185880534549142e+03
3.629841891697340543e+03
3.664520888936943720e+03
3.699207357247855725e+03
3.733886013793107395e+03
3.768564789460589509e+03
3.803222133905727787e+03
3.837858781834695037e+03
3.872460611253164643e+03
3.907028356867309867e+03
3.941547896682803639e+03
3.976012537055570192e+03
4.010408155991282456e+03
4.044742916546363176e+03
4.078995268376237163e+03
4.113158517836826832e+03
4.147233399634304078e+03
4.181198363424096897e+03
4.215054143912372638e+03
4.248771762404309811e+03
4.282344525255828557e+03
4.315758310472604535e+03
4.348998996060308855e+03
4.382052460024617176e+03
4.414896950790224764e+03
4.447539625259923923e+03
4.479965154055032144e+03
4.512173064497363157e+03
4.544155455558483482e+03
4.575919282910460424e+03
4.607441788824356991e+03
4.638729928972242305e+03
4.669768373975431132e+03
4.700549222805488171e+03
4.731049717733480065e+03
4.761261957730972426e+03
4.791178041769532683e+03
4.820775212120223841e+03
4.850052996104864178e+03
4.878996064344767547e+03
4.907596515811502286e+03
4.935846449476633097e+03
4.963737964311725591e+03
4.991263159288344468e+03
5.018406705027807220e+03
5.045175557202181153e+03
5.071546958082528363e+03
5.097513006640417188e+03
5.123073230197663179e+03
5.148212431179058512e+03
5.172923367573554970e+03
5.197191500823329079e+03
5.221017149071059976e+03
5.244393202109174126e+03
5.267305121379848970e+03
5.289753225025763641e+03
5.311730402839344606e+03
5.333222116262769305e+03
5.354228683438715962e+03
5.374735565809363834e+03
5.394743081517388418e+03
5.414244120355218001e+03
5.433224143765030021e+03
5.451683469889502703e+03
5.469614988521064333e+03
5.487004161101890531e+03
5.503843877424410493e+03
5.520141883981552382e+03
5.535883642215493637e+03
5.551069470268910663e+03
5.565699686284483505e+03
5.579774608404886749e+03
5.593272269722049714e+03
5.606207845079150502e+03
5.618566730392178215e+03
5.630341487822624003e+03
5.641509757305288076e+03
5.652078892175973124e+03
5.662019104019231236e+03
5.671337746170864193e+03
5.680019886915924872e+03
5.688058022889714266e+03
5.695481792478783973e+03
5.702276263968186868e+03
5.708448790693723822e+03
5.714014154341448375e+03
5.718972279896911459e+03
5.723330520695914856e+03
5.727088801724012228e+03
5.730232191266252812e+03
5.732760614308191180e+03
5.734673995835378264e+03
5.735964832483115060e+03
5.736625620886705292e+03
5.736663714381949831e+03
5.736064181253900642e+03
5.734834374838359508e+03
5.732981648471130029e+03
5.730505927137762228e+03
5.727399707473559829e+03
5.723670342814322794e+03
5.719317758145603875e+03
5.714349306803205764e+03
5.708757485422430364e+03
5.702549647339079456e+03
5.695733145888953914e+03
5.688300477707357459e+03
5.680251567779841025e+03
5.671601197792457242e+03
5.662334436030256256e+03
5.652473492529541545e+03
5.642010863925616832e+03
5.630953903554281169e+03
5.619302536401087309e+03
5.607056687451587095e+03
5.594231138391833156e+03
5.580825814207378244e+03
5.566840639883773292e+03
5.552290397107069111e+03
5.537182439213069301e+03
5.521509262837075767e+03
5.505293078015389256e+03
5.488526381383313492e+03
5.471223954626899285e+03
5.453378311880971523e+03
5.434996893978952357e+03
5.416079730903534255e+03
5.396641709337911379e+03
5.376668002564276321e+03
5.356173497265823244e+03
5.335165651775496372e+03
5.313659352776489868e+03
5.291662058601746139e+03
5.269196084284709286e+03
5.246261459808072686e+03
5.222880500205280441e+03
5.199060663809275866e+03
5.174809408953003185e+03
5.150126765619156686e+03
5.125020192140678773e+03
5.099504575200763611e+03
5.073579944782105486e+03
5.047246330867395955e+03
5.020511191789581062e+03
4.993396842582104000e+03
4.965895884877406388e+03
4.938038062059184995e+03
4.909815975759882349e+03
4.881244512662690795e+03
4.852345987801055344e+03
4.823120431157669373e+03
4.793575301065477106e+03
4.763725484207671798e+03
4.733585867267446702e+03
4.703156480227496104e+03
4.672452209771014168e+03
4.641487942581193238e+03
4.610263708640726691e+03
4.578794394632810508e+03
4.547087458890386188e+03
4.515165216446897830e+03
4.483027697285039721e+03
4.450682359737756997e+03
4.418151518838490119e+03
4.385442632920185133e+03
4.352555731965533596e+03
4.319505702657732400e+03
4.286307431679971160e+03
4.252960949014946891e+03
4.219481141345851938e+03
4.185868038655380587e+03
4.152143955976976940e+03
4.118316351643582493e+03
4.084392683988142380e+03
4.050387831464985084e+03
4.016316639612982726e+03
3.982186517391889083e+03
3.948012302111712415e+03
3.913808831082456891e+03
3.879576084913629074e+03
3.845336329265485347e+03
3.811096973097780847e+03
3.776865425370272987e+03
3.742641666692465151e+03
3.708455391074865929e+03
3.674299150776729221e+03
3.640195211458313679e+03
3.606150982079373080e+03
3.572166443249413078e+03
3.538263860628690963e+03
3.504450643176961876e+03
3.470741628204232711e+03
3.437136796320008671e+03
3.403643556484045803e+03
3.370291602706849972e+03
3.337066058897427865e+03
3.303996619066284893e+03
3.271075835472676317e+03
3.238325973776859428e+03
3.205747014588339425e+03
3.173353795217122297e+03
3.141153724622964546e+03
3.109154211765621312e+03
3.077370093955099492e+03
3.045801351800904285e+03
3.014462822613041681e+03
2.983354487001018242e+03
2.952491182274839957e+03
2.921887745744511449e+03
2.891544158019540646e+03
2.861467828059682233e+03
2.831666164824691805e+03
2.802154005624576712e+03
2.772938759419092094e+03
2.744020406817743606e+03
2.715406356780287751e+03
2.687104018266481035e+03
2.659113371885828201e+03
2.631441826598085754e+03
2.604096791363009743e+03
2.577078246790106277e+03
2.550393601839130952e+03
2.524057693820090208e+03
2.498070503342489246e+03
2.472446873019167924e+03
2.447194238324046637e+03
2.422312611683630166e+03
2.397809433874672777e+03
2.373699574024178219e+03
2.349975616208400879e+03
2.326645001204095479e+03
2.303715169788015373e+03
2.281186134386664889e+03
2.259057907426549264e+03
2.237337929684421852e+03
2.216026213586787435e+03
2.195137628260649308e+03
2.174657329432011920e+03
2.154607614578130324e+03
2.134981067775257998e+03
2.115785129800149662e+03
2.097019813079308733e+03
2.078685130039240448e+03
2.060795949806948556e+03
2.043337428108436825e+03
2.026324434070709913e+03
2.009749551770022208e+03
1.993620221983127976e+03
1.977929028786280696e+03
1.962683412956235543e+03
1.947890815269746099e+03
1.933536391452816588e+03
1.919635010632451213e+03
1.906186685235154528e+03
1.893183999337181149e+03
1.880634393715283977e+03
1.868537880795968249e+03
1.856887044655487898e+03
1.845681897720347934e+03
1.834929880767301029e+03
1.824631006222851966e+03
1.814770429813005649e+03
1.805355592314515661e+03
1.796386506153886330e+03
1.787863183757622210e+03
1.779770780851726613e+03
1.772124166563204881e+03
1.764908496618061008e+03
1.758123783442798867e+03
1.751770039463922330e+03
1.745839848757686241e+03
1.740340652100844636e+03
1.735265033569651450e+03
1.730613005590611465e+03
1.726384577964046230e+03
1.722572321635298749e+03
1.719176233273780099e+03
1.716196309548900217e+03
1.713617690429570303e+03
1.711440372585200976e+03
1.709664352685202857e+03
1.708282199048736629e+03
1.707279051644713036e+03
1.706669763843042574e+03
1.706424618912136339e+03
1.706558470221904599e+03
1.707063886091508493e+03
1.707933434840108021e+03
1.709152256436614152e+03
1.710735204250938295e+03
1.712659989901739891e+03
1.714934038408680408e+03
1.717542489740670590e+03
1.720492768917370768e+03
1.723770015907691914e+03
1.727366799030794255e+03
1.731290543306338805e+03
1.735526388703236307e+03
1.740066903540647672e+03
1.744912084487983293e+03
1.750039643163903293e+03
1.755464432938319078e+03
1.761156737079641516e+03
1.767116552257280773e+03
1.773343875140647469e+03
1.779823845698652804e+03
1.786563888950957335e+03
1.793541716516221413e+03
1.800764753414105598e+03
1.808225567963770800e+03
1.815916728484378154e+03
1.823830803295088117e+03
1.831967789065311308e+03
1.840312825763958017e+03
1.848858481710189153e+03
1.857589896872915688e+03
1.866507067921548014e+03
1.875595134824996876e+03
1.884846665902422956e+03
1.894254229472987163e+03
1.903810393855850407e+03
1.913522584070672110e+03
1.923375940086364380e+03
1.933363030222087218e+03
1.943483851158231573e+03
1.953738399619109941e+03
1.964104387289264423e+03
1.974581810903987616e+03
1.985155810498071787e+03
1.995818954456560050e+03
2.006563811164493927e+03
2.017375520656666140e+03
2.028239222967869637e+03
2.039169771533896210e+03
2.050137449689038476e+03
2.061164539219339076e+03
2.072221323459089945e+03
2.083330084194334631e+03
2.094461104759363934e+03
2.105629238589972374e+03
2.116819625720950171e+03
2.128017406187091183e+03
2.139222576723687780e+03
2.150420277365531547e+03
2.161595648147415886e+03
2.172748685804632714e+03
2.183864530371974524e+03
2.194943178584733687e+03
2.205977198827953089e+03
2.216966587836924646e+03
2.227896485646440851e+03
2.238774317342044924e+03
2.249600079659027870e+03
2.260351484281933153e+03
2.271043384646553477e+03
2.281646064087180093e+03
2.292166947689356221e+03
2.302591175487874352e+03
2.312903887517527437e+03
2.323112508863856419e+03
2.333202179561655157e+03
2.343165467995965173e+03
2.353009799252329231e+03
2.362720313365539823e+03
2.372297007070890231e+03
2.381739877103671006e+03
2.391048920199175882e+03
2.400216704742446836e+03
2.409235799118526757e+03
2.418106200062707558e+03
2.426813047609782188e+03
2.435356338495042564e+03
2.443728641103531572e+03
2.451922523820291644e+03
2.459930555997192187e+03
2.467752739203662713e+03
2.475381647625710229e+03
2.482817283799590768e+03
2.490067078611811212e+03
2.497116177898129081e+03
2.503972012545049438e+03
2.510627156738580197e+03
2.517074184664727454e+03
2.523327955560247574e+03
2.529366186910648139e+03
2.535203737952685515e+03
2.540825754522115858e+03
2.546232239155196112e+03
2.551423194388183219e+03
2.556398622757333669e+03
2.561151098448653556e+03
2.565673195648150795e+03
2.569972345242330448e+03
2.574033693066950946e+03
2.577864670008516896e+03
2.581457850253037122e+03
2.584805807986516811e+03
2.587923402445713236e+03
2.590795779466383010e+03
2.593437798285282952e+03
2.595842033088418702e+03
2.598008486412048114e+03
2.599937160792427676e+03
2.601635487116063359e+03
2.603088611218712231e+03
2.604311392337131565e+03
2.605296404657327002e+03
2.606036222365305548e+03
2.606545704697824476e+03
2.606809997490639489e+03
2.606843959980507861e+03
2.606640166353436598e+03
2.606206047495930761e+03
2.605526749243748782e+03
2.604624559183896963e+03
2.603492051502380946e+03
2.602121800385208644e+03
2.600528665069135968e+03
2.598712648090419862e+03
2.596666323635067329e+03
2.594397122589583887e+03
2.591905047490227389e+03
2.589190100873253868e+03
2.586252285274920268e+03
2.583106460120014162e+03
2.579737772184451387e+03
2.576161081833176468e+03
2.572383821080886264e+03
2.568398565241776851e+03
2.564205317980293785e+03
2.559826368011632894e+03
2.555246862299740769e+03
2.550474232859312451e+03
2.545508483354794862e+03
2.540364474151133891e+03
2.535027352212275218e+03
2.529511977903165189e+03
2.523825783238499298e+03
2.517953915182224137e+03
2.511911234099285139e+03
2.505705172004378255e+03
2.499328304211700015e+03
2.492788062735945914e+03
2.486084451241562874e+03
2.479224901743245482e+03
2.472216846255691053e+03
2.465060288443344234e+03
2.457755231970652403e+03
2.450323965552810478e+03
2.442751636153765958e+03
2.435060532488712397e+03
2.427243229871848143e+03
2.419307160317867329e+03
2.411259755841467268e+03
2.403108448457343457e+03
2.394853241829941908e+03
2.386494139623709088e+03
2.378046002203589978e+03
2.369508833234031499e+03
2.360882636379479209e+03
2.352174843654629058e+03
2.343400315424427390e+03
2.334544198652819887e+03
2.325628782055002375e+03
2.316654069295421777e+03
2.307620064038522742e+03
2.298534198299002128e+03
2.289396475741305949e+03
2.280221756730379639e+03
2.271010044930670119e+03
2.261761344006622494e+03
2.252483085972932713e+03
2.243182702844297637e+03
2.233860198285162824e+03
2.224530431257808232e+03
2.215178541712853985e+03
2.205834238299752542e+03
2.196482659566458551e+03
2.187131229111674656e+03
2.177794798884354805e+03
2.168465935782702672e+03
2.159159491755671752e+03
2.149882890401965142e+03
2.140621270269537035e+03
2.131404340007841256e+03
2.122217238164830178e+03
2.113067388339208264e+03
2.103977070830179855e+03
2.094923995835446931e+03
2.085937872004463770e+03
2.077011266235433595e+03
2.068151602127060414e+03
2.059358874927797387e+03
2.050640508236348523e+03
2.042011354001667542e+03
2.033463979121957664e+03
2.024998378845672278e+03
2.016629405121764876e+03
2.008357053198689982e+03
2.000188746675150242e+03
1.992117052449348876e+03
1.984164250820490906e+03
1.976315480336528253e+03
1.968585592946415545e+03
1.960974583898606397e+03
1.953482448441553288e+03
1.946124038524211528e+03
1.938891921044783203e+03
1.931793519601972321e+03
1.924836257794482890e+03
1.918020130870767389e+03
1.911345134079280797e+03
1.904818691018725531e+03
1.898440796937555888e+03
1.892218875434474967e+03
1.886145493407686672e+03
1.880242931156394206e+03
1.874488898878301825e+03
1.868905676872612503e+03
1.863493260387779401e+03
1.858244216322007333e+03
1.853165968273998487e+03
1.848258511492207617e+03
1.843536697925587760e+03
1.838985667148209586e+03
1.834612847889364048e+03
1.830425669904459255e+03
1.826424134598652472e+03
1.822615671727352492e+03
1.818985425995216701e+03
1.815548255507903605e+03
1.812304161670570466e+03
1.809253145888375684e+03
1.806395209566476979e+03
1.803730354110032522e+03
1.801266009274450198e+03
1.798994748114638014e+03
1.796924000386003627e+03
1.795053767493705209e+03
1.793376622492650995e+03
1.791899995138248642e+03
1.790631315185905805e+03
1.789555727340281237e+03
1.788688089707032304e+03
1.788020975341067015e+03
1.787554385647543086e+03
1.787288322031619373e+03
1.787222785898452685e+03
1.787365207003452042e+03
1.787708158401524770e+03
1.788251641497829041e+03
1.788988229347272181e+03
1.789932780055513149e+03
1.791077866677459042e+03
1.792416062268019004e+03
1.793947368232349163e+03
1.795679214325859220e+03
1.797611601953706440e+03
1.799729675820548437e+03
1.802040865681793775e+03
1.804545172942600175e+03
1.807242599008125353e+03
1.810133145283527256e+03
1.813209384823714345e+03
1.816471319033843884e+03
1.819918949319074500e+03
1.823552277084564139e+03
1.827363875385220126e+03
1.831361173976451255e+03
1.835521889212664519e+03
1.839868307549768588e+03
1.844378145342171138e+03
1.849066260695530445e+03
1.853917798314503671e+03
1.858932759779389471e+03
1.864103719020796916e+03
1.869438106844973390e+03
1.874935925707918159e+03
1.880574893014879535e+03
1.886377296272606600e+03
1.892320852886347666e+03
1.898405565312101771e+03
1.904638864356116301e+03
1.911005895773891325e+03
1.917506662021424972e+03
1.924148593904965310e+03
1.930909408829761560e+03
1.937796537602061790e+03
1.944809982677865037e+03
1.951934889812669780e+03
1.959171261462474604e+03
1.966519100083278545e+03
1.973970979780829339e+03
1.981526903011126251e+03
1.989179443879917244e+03
1.996928604843202038e+03
2.004774388356978534e+03
2.012709368526995149e+03
2.020733547809250013e+03
2.028839500309493587e+03
2.037027228483723093e+03
2.045296734787937112e+03
2.053625736627384413e+03
2.062029093158563683e+03
2.070499378487224021e+03
2.079021738368863225e+03
2.087603603609730271e+03
2.096237548315573804e+03
2.104908718241892075e+03
2.113631972545183999e+03
2.122385028630698343e+03
2.131175317304683631e+03
2.139995412672888051e+03
2.148837888841061158e+03
2.157695319914950232e+03
2.166567708350554767e+03
2.175455056603873345e+03
2.184342510430404218e+03
2.193230072286146424e+03
2.202110316276848152e+03
2.210983244858507987e+03
2.219841432136875028e+03
2.228684880567947403e+03
2.237506164257474211e+03
2.246297855551687007e+03
2.255052519758754897e+03
2.263777577127827954e+03
2.272465591207558646e+03
2.281109125546598534e+03
2.289700743693599634e+03
2.298255294247962865e+03
2.306757912408090760e+03
2.315208590072882998e+03
2.323599890790993413e+03
2.331931806461322140e+03
2.340196900632521647e+03
2.348395165203492979e+03
2.356511735372638213e+03
2.364546603038857938e+03
2.372499760101055472e+03
2.380356341757631071e+03
2.388123768257736629e+03
2.395779746449524282e+03
2.403339124932394952e+03
2.410787038904750716e+03
2.418116051915243588e+03
2.425333584213023641e+03
2.432424770996493407e+03
2.439389604164555294e+03
2.446235503966359829e+03
2.452955033950559027e+03
2.459548186016054387e+03
2.466014952061746953e+03
2.472347895636290104e+03
2.478554436988833459e+03
2.484619711317779547e+03
2.490551138872279807e+03
2.496333854850736316e+03
2.501967851152050571e+03
2.507438262974623285e+03
2.512752510567606805e+03
2.517903157479652691e+03
2.522875338909162110e+03
2.527683903455537802e+03
2.532313986317180024e+03
2.536773007743241124e+03
2.541053531282372660e+03
2.545155548833476132e+03
2.549071623945203100e+03
2.552809176866705002e+03
2.556368199496884699e+03
2.559741255384392389e+03
2.562935764778379507e+03
2.565944291227498525e+03
2.568766829054781738e+03
2.571410810630031847e+03
2.573861385696433899e+03
2.576125989047922303e+03
2.578189770427681196e+03
2.580045307929144656e+03
2.581692607995997150e+03
2.583131677071923150e+03
2.584355093250357186e+03
2.585362862974982818e+03
2.586154992689484516e+03
2.586746345538047080e+03
2.587129499614104134e+03
2.587311889711590993e+03
2.587300950624441157e+03
2.587096688796339549e+03
2.586691682320719337e+03
2.586085937641265446e+03
2.585272032851412860e+03
2.584242546044595201e+03
2.582990055314247002e+03
2.581514567104052276e+03
2.579808659507445554e+03
2.577879767318360791e+03
2.575735325330732849e+03
2.573375339988245287e+03
2.570807246084833423e+03
2.568031050064181272e+03
2.565061615070472271e+03
2.561898947547391344e+03
2.558543053938622961e+03
2.554986512337601653e+03
2.551221900837761041e+03
2.547256654233035988e+03
2.543075922266610178e+03
2.538672283031918141e+03
2.534053171322894741e+03
2.529226021933473930e+03
2.524175984606839847e+03
2.518932779187676715e+03
2.513488983769418610e+03
2.507852033146001304e+03
2.502021933761106993e+03
2.496020977109171781e+03
2.489826884583128958e+03
2.483454519327162870e+03
2.476889031084458566e+03
2.470137854648949542e+03
2.463193568114070331e+03
2.456048749573255009e+03
2.448718260958392420e+03
2.441194674301434588e+03
2.433485417122537456e+03
2.425590488591608391e+03
2.417532172929303215e+03
2.409295612605028055e+03
2.400903091839439639e+03
2.392354609802443974e+03
2.383650165663948428e+03
2.374789758593858096e+03
2.365780816112329376e+03
2.356615909039019698e+03
2.347309893244334944e+03
2.337855339547930726e+03
2.328252247119714866e+03
2.318515471830092338e+03
2.308630156148470178e+03
2.298603727595004329e+03
2.288443613689851190e+03
2.278142385252667736e+03
2.267707469803610365e+03
2.257146294862834566e+03
2.246451431249997313e+03
2.235637734835504943e+03
2.224705204789263007e+03
2.213661268631429266e+03
2.202505925531909270e+03
2.191261459711358839e+03
2.179913013639185920e+03
2.168475443185794575e+03
2.156941319170843144e+03
2.145325497464737509e+03
2.133620548887133737e+03
2.121826472607938285e+03
2.109950696147307553e+03
2.097993218675148000e+03
2.085954039361365176e+03
2.073848014076367235e+03
2.061660285289558487e+03
2.049413137221596116e+03
2.037099140692137325e+03
2.024725723221337603e+03
2.012292883979103408e+03
1.999815478835840850e+03
1.987278650260956965e+03
1.974704682475107120e+03
1.962086146297948517e+03
1.949430469249637781e+03
1.936745078850330174e+03
1.924029974269932836e+03
1.911285155612662038e+03
1.898525483420474984e+03
1.885750962469139949e+03
1.872961597534423163e+03
1.860164821742343520e+03
1.847360639868667249e+03
1.834563913389662957e+03
1.821767218730847162e+03
1.808977989018238304e+03
1.796196229027603067e+03
1.783429371884959437e+03
1.770684850716325400e+03
1.757962670297467412e+03
1.745262835404153748e+03
1.732585350812151091e+03
1.719945077997727822e+03
1.707334593386400911e+03
1.694753901753938408e+03
1.682217864576607326e+03
1.669726486630175259e+03
1.657272344340159634e+03
1.644870299182828376e+03
1.632527784284198788e+03
1.620229947719537904e+03
1.607999079315364270e+03
1.595827755497194175e+03
1.583723409391046062e+03
1.571693474122937005e+03
1.559737954468634598e+03
1.547856855203906434e+03
1.536050181104519879e+03
1.524332793646742402e+03
1.512697269256091886e+03
1.501151041058585406e+03
1.489694113829990783e+03
1.478326492346074929e+03
1.467055609732856055e+03
1.455881470766101529e+03
1.444811508571828654e+03
1.433838299575555084e+03
1.422976705253548289e+03
1.412219302031325697e+03
1.401573523034904838e+03
1.391039373040053079e+03
1.380624285172788404e+03
1.370320835858628016e+03
1.360143886573839382e+03
1.350086013743940157e+03
1.340147222144697707e+03
1.330342373252379275e+03
1.320664041452720085e+03
1.311112221322573077e+03
1.301694333749258703e+03
1.292402942919597308e+03
1.283252898071159507e+03
1.274236763390765191e+03
1.265361959765735037e+03
1.256621051382889391e+03
1.248021459129548248e+03
1.239570603893032967e+03
1.231261049860163212e+03
1.223100217918259432e+03
1.215088100604391911e+03
1.207224690455631617e+03
1.199509980009048149e+03
1.191943961801712248e+03
1.184534056720944363e+03
1.177272828953564840e+03
1.170167699386894128e+03
1.163218660558002284e+03
1.156418276653710109e+03
1.149773968561337597e+03
1.143285728817955260e+03
1.136960978310884002e+03
1.130784852876693321e+03
1.124764773402704122e+03
1.118908160776236855e+03
1.113207579184111410e+03
1.107663021163398525e+03
1.102281907601418879e+03
1.097056802684992363e+03
1.091987698951189259e+03
1.087074588937080534e+03
1.082324893529986184e+03
1.077731176916726781e+03
1.073293431634372155e+03
1.069019078570243209e+03
1.064900681911160746e+03
1.060938234194194138e+03
1.057131727956414352e+03
1.053481155734891672e+03
1.049993938416946548e+03
1.046655211839149388e+03
1.043479825239070351e+03
1.040452914453279845e+03
1.037581900369098548e+03
1.034866775523596516e+03
1.032307532453844260e+03
1.029896735346662354e+03
1.027641805089370791e+03
1.025527879260319423e+03
1.023569815805974713e+03
1.021752761013582585e+03
1.020084146221138553e+03
1.018549117715888315e+03
1.017162535186078003e+03
1.015909544918952861e+03
1.014797578252508970e+03
1.013826638174492359e+03
1.012981870972147817e+03
1.012278136333722273e+03
1.011700580546460742e+03
1.011249206598108913e+03
1.010938874176913032e+03
1.010747301219868518e+03
1.010689347415220936e+03
1.010765015750716429e+03
1.010959452513600809e+03
1.011280089041869360e+03
1.011726928323268226e+03
1.012292544995293042e+03
1.012976942045689498e+03
1.013765265761703517e+03
1.014672375831580780e+03
1.015675990192316590e+03
1.016790968532157422e+03
1.018002457138348746e+03
1.019310458998636022e+03
1.020729833801265272e+03
1.022238299483232367e+03
1.023850715732782874e+03
1.025552228837162374e+03
1.027357698484617003e+03
1.029252270962392231e+03
1.031243377608484252e+03
1.033316164710137855e+03
1.035463206904849812e+03
1.037699363880865349e+03
1.040009781925430389e+03
1.042387035676040568e+03
1.044838556470691628e+03
1.047356918946879659e+03
1.049934697742100070e+03
1.052586752544598312e+03
1.055298229641620765e+03
1.058069132020913003e+03
1.060899462670220601e+03
1.063789224577289360e+03
1.066730992379615145e+03
1.069724769064943757e+03
1.072763128442756397e+03
1.075846069360727824e+03
1.078973589838518365e+03
1.082145687895788569e+03
1.085347504851698659e+03
1.088586467076158669e+03
1.091855144238579442e+03
1.095153534358620846e+03
1.098474207105693495e+03
1.101824588849708107e+03
1.105197249260073932e+03
1.108592186356452430e+03
1.112001969808253762e+03
1.115426597635137568e+03
1.118858639506514919e+03
1.122305521792295622e+03
1.125752385811640806e+03
1.129214086284709765e+03
1.132668336180413917e+03
1.136129990218912553e+03
1.139584189719367032e+03
1.143038361051686707e+03
1.146477645535032707e+03
1.149909469539315069e+03
1.153326402733944178e+03
1.156735871488830526e+03
1.160123017123134105e+03
1.163495266006765405e+03
1.166837759458885103e+03
1.170165352199652943e+03
1.173463185548229831e+03
1.176731257524275861e+03
1.179969566147451133e+03
1.183178109437416651e+03
1.186349457063581895e+03
1.189483607045608096e+03
1.192580557403155126e+03
1.195632877805633143e+03
1.198640566272702927e+03
1.201603620824024574e+03
1.204522039479258410e+03
1.207388391907814821e+03
1.210202676129354359e+03
1.212964890163537120e+03
1.215675032030023431e+03
1.218325671398223903e+03
1.220924234638048574e+03
1.223463291418908057e+03
1.225935411410212282e+03
1.228355449332122134e+03
1.230701118947837585e+03
1.232987278948967514e+03
1.235199075420411191e+03
1.237351367848067639e+03
1.239429302316835674e+03
1.241432881612114443e+03
1.243369536869552803e+03
1.245224414174050025e+03
1.247012373011504906e+03
1.248718559466816259e+03
1.250350404675633399e+03
1.251900483073105306e+03
1.253376225794880611e+03
1.254770207276108522e+03
1.256082430302188413e+03
1.257312897658518978e+03
1.258461612130498679e+03
1.259528576503527347e+03
1.260506365212753508e+03
1.261394981043576536e+03
1.262201855131644834e+03
1.262919561912107838e+03
1.263548104170364468e+03
1.264094913042063808e+03
1.264545134612104448e+03
1.264898771665885988e+03
1.265170683689306998e+03
1.265353445117516685e+03
1.265439630385663804e+03
1.265444098979647606e+03
1.265351996984366906e+03
1.265170755535470335e+03
1.264900377418357721e+03
1.264533437068177818e+03
1.264077365620579258e+03
1.263532165860960959e+03
1.262890412224472584e+03
1.262159535846762537e+03
1.261339539513230193e+03
1.260415569308774138e+03
1.259409913069543791e+03
1.258307716880437738e+03
1.257116411877105293e+03
1.255828572494695209e+03
1.254451629868856799e+03
1.252985586784988527e+03
1.251430446028489996e+03
1.249778782034509959e+03
1.248038025938697274e+03
1.246208180526451088e+03
1.244289247979293123e+03
1.242281228063235858e+03
1.240191548290664741e+03
1.238005351123214723e+03
1.235737492423521871e+03
1.233380543003470621e+03
1.230941930375446873e+03
1.228421653701585683e+03
1.225819712144022333e+03
1.223136104864892559e+03
1.220370831026331189e+03
1.217531318140723442e+03
1.214610137019954891e+03
1.211614715176411210e+03
1.208545051772226998e+03
1.205393717619287827e+03
1.202168140229979144e+03
1.198868318766436232e+03
1.195501680741044311e+03
1.192060796965688951e+03
1.188553094952754918e+03
1.184978573864377950e+03
1.181337232862693327e+03
1.177629071109836104e+03
1.173854087767942019e+03
1.170019710349396064e+03
1.166125938016333521e+03
1.162165341580639961e+03
1.158152776904950315e+03
1.154080814801150154e+03
1.149949454431374534e+03
1.145766123308009355e+03
1.141530820593189446e+03
1.137243545449050316e+03
1.132904297037727019e+03
1.128513074521355065e+03
1.124077305412319674e+03
1.119596988872756356e+03
1.115072124064799937e+03
1.110495281800336443e+03
1.105888746292250289e+03
1.101237660002177790e+03
1.096549450442503712e+03
1.091831545125613275e+03
1.087076514863392049e+03
1.082284358817975090e+03
1.077462504501747844e+03
1.072618379427095533e+03
1.067744554405903727e+03
1.062841028600307482e+03
1.057915229799487179e+03
1.052967158549553460e+03
1.047996815673412129e+03
1.043011630344218474e+03
1.038004175034628133e+03
1.032981878917796848e+03
1.027944742816630196e+03
1.022900195904283805e+03
1.017848239003663252e+03
1.012781444587424289e+03
1.007707241828722545e+03
1.002633059900713420e+03
9.975514712760524390e+02
9.924699051278955722e+02
9.873957906293982205e+02
9.823142719029660839e+02
9.772402064720047292e+02
9.721735951594198468e+02
9.671144387881170132e+02
9.620553098307516393e+02
9.570184941609796851e+02
9.519817075509566848e+02
9.469672358743380300e+02
9.419602232535296480e+02
9.369755272119369920e+02
9.320057202222155865e+02
9.270582314575210603e+02
9.221330617407592172e+02
9.172376402450852311e+02
9.123645394431555360e+02
9.075137601578751401e+02
9.026927315623995582e+02
8.979088828298847602e+02
8.931473580827363321e+02
8.884230148443598409e+02
8.837284255874105838e+02
8.790710194850446442e+02
8.744507973601672575e+02
8.698677600356842277e+02
8.653219083345013587e+02
8.608206714297739381e+02
8.563640501444077699e+02
8.519446169510582649e+02
8.475698010228813928e+02
8.432396031827825027e+02
8.389614526039171096e+02
8.347279217589411928e+02
8.305464398210100399e+02
8.264095792627795163e+02
8.223321976076549618e+02
8.182994385865107461e+02
8.143187294148445972e+02
8.103974969166230267e+02
8.065283112153124421e+02
8.027185991348791276e+02
7.989683591490398840e+02
7.952775897315107159e+02
7.916462893560081966e+02
7.880670281459988473e+02
7.845620896259488291e+02
7.811091872188247862e+02
7.777231760988430551e+02
7.744040547397199816e+02
7.711443932649220869e+02
7.679516184984157690e+02
7.648183005636674352e+02
7.617592946348935357e+02
7.587671708355602505e+02
7.558419276393843802e+02
7.529835635200819297e+02
7.501920769513696996e+02
7.474748947572139741e+02
7.448245870610810471e+02
7.422404095016623842e+02
7.397297889029243834e+02
7.372904952335086364e+02
7.349225269671313754e+02
7.326258825775089463e+02
7.304005605383581496e+02
7.282473021584200978e+02
7.261661059114110230e+02
7.241569702710478396e+02
7.222198937110465522e+02
7.203548747051237342e+02
7.185626545620208390e+02
7.168424889204291048e+02
7.151951190890903263e+02
7.136198007066954005e+02
7.121165322469611283e+02
7.106867978536536157e+02
7.093291103304397893e+02
7.080434681510355404e+02
7.068298697891574420e+02
7.056890565535470614e+02
7.046187984128456492e+02
7.036205795108196526e+02
7.026929126511355435e+02
7.018365391425348889e+02
7.010499717886837061e+02
7.003332090632986819e+02
6.996862497018836393e+02
6.991083506520678839e+02
6.985987691232677435e+02
6.981567623248997734e+02
6.977838159714558515e+02
6.974769587672775515e+02
6.972369335918309616e+02
6.970629976545333193e+02
6.969544081648009524e+02
6.969096794970254223e+02
6.969295545306733857e+02
6.970125476401362903e+02
6.971579160348309188e+02
6.973649169241738264e+02
6.976328075175814547e+02
6.979608450244705864e+02
6.983482866542578904e+02
6.987943896163595809e+02
6.992984111201925543e+02
6.998588655401483720e+02
7.004757529206686968e+02
7.011483304711698565e+02
7.018743697310187599e+02
7.026538707446567287e+02
7.034853478864755516e+02
7.043680583658917840e+02
7.053012593923219811e+02
7.062834653401577043e+02
7.073131905837905151e+02
7.083904351676620763e+02
7.095137134661641767e+02
7.106807970186631565e+02
7.118924287046255586e+02
7.131463800634180643e+02
7.144411654694325762e+02
7.157767849671101885e+02
7.171510100958176963e+02
7.185638408999968760e+02
7.200130489190139542e+02
7.214971485272608334e+02
7.230161397691790626e+02
7.245677941841352094e+02
7.261513689815457155e+02
7.277646357007773759e+02
7.294075943862716258e+02
7.310780165773952604e+02
7.327751594835646074e+02
7.344967946441464619e+02
7.362429221035823730e+02
7.380113134012390219e+02
7.398012257103659977e+02
7.416111732245204848e+02
7.434418986061677970e+02
7.452844876624483277e+02
7.471493399111524241e+02
7.490290268294702400e+02
7.509235482448422090e+02
7.528329039847087643e+02
7.547496655262599461e+02
7.566738326969363015e+02
7.586054053241780366e+02
7.605518115856755230e+02
7.624981946083689763e+02
7.644519825699488820e+02
7.664131752978553322e+02
7.683669159190288838e+02
7.703280609614097330e+02
7.722891819021880337e+02
7.742428502185545085e+02
7.762039224384492400e+02
7.781501133385623916e+02
7.800962794468345010e+02
7.820349922404558356e+02
7.839662515468666015e+02
7.858826288432572937e+02
7.877915523073180566e+02
7.896930217664893235e+02
7.915796086979615893e+02
7.934513129291746054e+02
7.953007059373192078e+02
7.971426442503357066e+02
7.989622709951642037e+02
8.007595859992449050e+02
8.025345890900184713e+02
8.042947084451749333e+02
8.060325155419046723e+02
8.077405818573981833e+02
8.094263355693456106e+02
8.110823481549374492e+02
8.127160477918637298e+02
8.143200059573149474e+02
8.158942224787314217e+02
8.174461255338032970e+02
8.189608582494711300e+02
8.204384204531751266e+02
8.218862403226057722e+02
8.233043176852030456e+02
8.246777956679075032e+02
8.260215307986593416e+02
8.273206662043990036e+02
8.285900585543283796e+02
8.298148516816958136e+02
8.310024746117613859e+02
8.321529280195348974e+02
8.332587842297765519e+02
8.343200439174962639e+02
8.353367077577040618e+02
8.363162047756600259e+02
8.372436789458739668e+02
8.381339876438560168e+02
8.389722748441161002e+02
8.397659695719141837e+02
8.405076441520104709e+02
8.412047276096647010e+02
8.418497922696370779e+02
8.424502671571876817e+02
8.429987245970761478e+02
8.435025936145626702e+02
8.439544465344073387e+02
8.443542840316199545e+02
8.447021067812107731e+02
8.449979154581894818e+02
8.452491390878165021e+02
8.454409216446015307e+02
8.455806921538045344e+02
8.456684512904355415e+02
8.456967713792546419e+02
8.456730814455219161e+02
8.455973821642472785e+02
8.454696742104405303e+02
8.452825299088618749e+02
8.450433782847713928e+02
8.447447916629289466e+02
8.443941990685943892e+02
8.439841728265280381e+02
8.435221419619896324e+02
8.430006787997392621e+02
8.424197840147870693e+02
8.417868866323929069e+02
8.411019873275668033e+02
8.403576584250687347e+02
8.395539005999086157e+02
8.386907145270967021e+02
8.377755292318927332e+02
8.368009170390569125e+02
8.357668786235990410e+02
8.346808430107793129e+02
8.335353825253574769e+02
8.323304978423439024e+02
8.310736179869982152e+02
8.297647435823147362e+02
8.283964466929736545e+02
8.269687276818895043e+02
8.254890152622268715e+02
8.239573097969001765e+02
8.223736116488237258e+02
8.207379211809120534e+02
8.190428104058297549e+02
8.172957080367411891e+02
8.154966144365606624e+02
8.136455299682028226e+02
8.117424549945820900e+02
8.097873898786127711e+02
8.077803349832096274e+02
8.057212906712869653e+02
8.036176856560091437e+02
8.014620919500408718e+02
7.992619382665462808e+02
7.970097966181899665e+02
7.947056673678865764e+02
7.923644075790502939e+02
7.899711609140956625e+02
7.875259277359372163e+02
7.850435651079893660e+02
7.825092166926666550e+02
7.799377395533834942e+02
7.773217057028041381e+02
7.746611155038432344e+02
7.719633976696653690e+02
7.692211242129347966e+02
7.664417238468159894e+02
7.636177685839734295e+02
7.607566871375718165e+02
7.578659082207751680e+02
7.549305754959981414e+02
7.519655460266554883e+02
7.489559634751611839e+02
7.459166849049299799e+02
7.428477106788761830e+02
7.397378986345395333e+02
7.365983916602091313e+02
7.334277044487495232e+02
7.302265801981004643e+02
7.269950192711760337e+02
7.237345077009407532e+02
7.204457886853343780e+02
7.171303482573210886e+02
7.137881867798151916e+02
7.104207902857816634e+02
7.070289019731595772e+02
7.036132649973266098e+02
7.001761080134623398e+02
6.967166882940849746e+02
6.932364916167869069e+02
6.897370037591614391e+02
6.862182248287512039e+02
6.826808977681240549e+02
6.791265083548728398e+02
6.755557995315655262e+02
6.719695142407698540e+02
6.683683954250536772e+02
6.647554145320599446e+02
6.611298288343064087e+02
6.574938669444110246e+02
6.538490146399666401e+02
6.501952720285157739e+02
6.465341248876517284e+02
6.428670589949672376e+02
6.391940744580051614e+02
6.355166570543582338e+02
6.318355497265943086e+02
6.281514954172813532e+02
6.244652370689871077e+02
6.207782604593045335e+02
6.170913085308014843e+02
6.134058670610706940e+02
6.097219361576551364e+02
6.060410015981475453e+02
6.023645491601409958e+02
5.986925789511780067e+02
5.950265767488518804e+02
5.913665426607050222e+02
5.877147052993555008e+02
5.840710647723461761e+02
5.804363640222447884e+02
5.768120888266444126e+02
5.731974964580626875e+02
5.695955583641425619e+02
5.660062746524267823e+02
5.624303882654833160e+02
5.588686421458800169e+02
5.553232649062347264e+02
5.517935138190651969e+02
5.482816174969894973e+02
5.447868332125252664e+02
5.413113895782904592e+02
5.378560295368529296e+02
5.344200103607305437e+02
5.310055606625410292e+02
5.276126805498273598e+02
5.242421128654450513e+02
5.208946000534002678e+02
5.175716272930117157e+02
5.142724512585234606e+02
5.109985571292539248e+02
5.077506872494972185e+02
5.045295839635472248e+02
5.013359896156974287e+02
4.981706465502419974e+02
4.950335542764494789e+02
4.919254551386137564e+02
4.888478343160538202e+02
4.857999484830133383e+02
4.827840256538361814e+02
4.797993225027660742e+02
4.768473242091219504e+02
4.739272874471475347e+02
4.710406973961617041e+02
4.681882964004582277e+02
4.653693411342809441e+02
4.625860596119736101e+02
4.598369656727552979e+02
4.571235444959444294e+02
4.544465384258351719e+02
4.518059469716961871e+02
4.492017696427961368e+02
4.466354916184541821e+02
4.441071124079389278e+02
4.416173743555441433e+02
4.391655341355137807e+02
4.367530769271666031e+02
4.343800022397714429e+02
4.320463095825970186e+02
4.297519984649122762e+02
4.274970683959860480e+02
4.252830045551369835e+02
4.231090636166089780e+02
4.209752450896709774e+02
4.188822913186166375e+02
4.168302018127148472e+02
4.148189760812344389e+02
4.128493564684691819e+02
4.109205996486629147e+02
4.090334479661094065e+02
4.071879009300775465e+02
4.053832152148111732e+02
4.036208759996289928e+02
4.019001399587749006e+02
4.002202637664927352e+02
3.985834754371261965e+02
3.969875459778301661e+02
3.954332177477032815e+02
3.939204902737800467e+02
3.924493630830950792e+02
3.910198357026829399e+02
3.896311648245532524e+02
3.882840928107656282e+02
3.869778763533295773e+02
3.857125149792797174e+02
3.844880082156506091e+02
3.833043555894768701e+02
3.821615566277930043e+02
3.810588680226086922e+02
3.799962893009584946e+02
3.789738199898769722e+02
3.779914596163986857e+02
3.770484648725333159e+02
3.761448352853152528e+02
3.752798275467543476e+02
3.744534411838849337e+02
3.736656757237416855e+02
3.729157878583342267e+02
3.722037771146971750e+02
3.715289001848399266e+02
3.708911565957972698e+02
3.702905458746036516e+02
3.697255818782437586e+02
3.691970069687770888e+02
3.687040778382132657e+02
3.682460511785618564e+02
3.678229265168574216e+02
3.674339605451096418e+02
3.670784099553280271e+02
3.667570171095721321e+02
3.664682958648265299e+02
3.662115029131009010e+02
3.659873806164548000e+02
3.657944428318726864e+02
3.656326890863893482e+02
3.655013760720141818e+02
3.653997604807568678e+02
3.653278418396519669e+02
3.652848768407091029e+02
3.652708650109627797e+02
3.652843202073975704e+02
3.653252419570481493e+02
3.653928869519240834e+02
3.654865118840348828e+02
3.656061162804152787e+02
3.657502139980496167e+02
3.659188046552126252e+02
3.661118882351387924e+02
3.663272363072273947e+02
3.665663346160029050e+02
3.668269547308647134e+02
3.671083538912623112e+02
3.674112750066950639e+02
3.677342324815874122e+02
3.680772263904137844e+02
3.684387711375985646e+02
3.688188667976161810e+02
3.692160277748910175e+02
3.696309969789226670e+02
3.700622888141352860e+02
3.705091605199784226e+02
3.709708693359015683e+02
3.714474153363790379e+02
3.719380557608602658e+02
3.724413050137696928e+02
3.729571631695816905e+02
3.734848874677456934e+02
3.740237351477111929e+02
3.745729634489275668e+02
3.751325724458692434e+02
3.757010765429604930e+02
3.762784758146759145e+02
3.768640275004649425e+02
3.774577316748018347e+02
3.780573599070862088e+02
3.786629122717922655e+02
3.792751316784195410e+02
3.798910468613424314e+02
3.805114007300604158e+02
3.811354505240229287e+02
3.817624534826792342e+02
3.823916668454788237e+02
3.830223478518711318e+02
3.836544965763305868e+02
3.842873702583065665e+02
3.849194833022235684e+02
3.855508357825559642e+02
3.861814277737781822e+02
3.868090308452896124e+02
3.874351307416146142e+02
3.880567561971278110e+02
3.886753929563534484e+02
3.892895554237159104e+02
3.898977580036396944e+02
3.905007436056242796e+02
3.910977694691189868e+02
3.916880928692931434e+02
3.922709712241958186e+02
3.928464048226206842e+02
3.934136511183367588e+02
3.939727104001377143e+02
3.945220972867675187e+02
3.950618120670200142e+02
3.955911121946640492e+02
3.961107407935184597e+02
3.966184696473020495e+02
3.971150418798337114e+02
3.975989721098573000e+02
3.980702606261667142e+02
3.985289077175556827e+02
3.989741708377932241e+02
3.994060502756730671e+02
3.998230606499390092e+02
4.002252022493850063e+02
4.006132181978298945e+02
4.009848802789924775e+02
4.013416744517166421e+02
4.016821153347462996e+02
4.020054603818501278e+02
4.023131955518721838e+02
4.026030926285312148e+02
4.028751519006209492e+02
4.031301164919604503e+02
4.033665010212934590e+02
4.035843057774138742e+02
4.037835310491154246e+02
4.039634342901671857e+02
4.041240157893627725e+02
4.042645330004711468e+02
4.043849862122861509e+02
4.044846328785766332e+02
4.045649589581864802e+02
4.046244790698594329e+02
4.046631935023895039e+02
4.046811025445703649e+02
4.046782064851960286e+02
4.046545056130601665e+02
4.046092573819317977e+02
4.045424620806047074e+02
4.044533771628477439e+02
4.043434885875047371e+02
4.042105681382946045e+02
4.040553589390360685e+02
4.038786041135481355e+02
4.036780754455495526e+02
4.034560017289092002e+02
4.032108975830655595e+02
4.029435061353104857e+02
4.026538276786056372e+02
4.023411196708875082e+02
4.020053824051176434e+02
4.016473590092826385e+02
4.012663069413189305e+02
4.008622264941882349e+02
4.004351179608519260e+02
3.999857244692967697e+02
3.995133034774590328e+02
3.990178552783005443e+02
3.985001229998076724e+02
3.979593640999170248e+02
3.973970645416401908e+02
3.968124817829136646e+02
3.962056161166989909e+02
3.955772106709827085e+02
3.949272657387264189e+02
3.942557816128917239e+02
3.935627585864399975e+02
3.928481969523329553e+02
3.921128398385570222e+02
3.913559447030488627e+02
3.905789975088199526e+02
3.897805128787819058e+02
3.889619767759461979e+02
3.881233894932743738e+02
3.872640084887030412e+02
3.863853197252437326e+02
3.854865806608329990e+02
3.845685344234573790e+02
3.836311813060784175e+02
3.826752644366826530e+02
3.817000412732066934e+02
3.807069977786620711e+02
3.796961342460102173e+02
3.786667081331878535e+02
3.776202054032064552e+02
3.765566263490275674e+02
3.754752284285876840e+02
3.743774976048985081e+02
3.732634341709214141e+02
3.721322955845930665e+02
3.709855678089249977e+02
3.698225083018537589e+02
3.686446030263908256e+02
3.674511094404728624e+02
3.662435135071113450e+02
3.650210726842427675e+02
3.637852728785526892e+02
3.625361141013715951e+02
3.612735963077038832e+02
3.599984622875791160e+02
3.587114548310267423e+02
3.574125738930512171e+02
3.561018194286569951e+02
3.547799342278734684e+02
3.534469182457051488e+02
3.521035142721813713e+02
3.507497222623067614e+02
3.493862850061107110e+02
3.480132024585976183e+02
3.466312174097969887e+02
3.452410726497382711e+02
3.438427681334259205e+02
3.424370466508893287e+02
3.410239081571330075e+02
3.396040954421864058e+02
3.381776084610539783e+02
3.367451900037651740e+02
3.353075828603494415e+02
3.338640441507861851e+02
3.324153166651049673e+02
3.309628860283601739e+02
3.295060093605312659e+02
3.280454294516476352e+02
3.265818890917388444e+02
3.251161310708342285e+02
3.236474125089133622e+02
3.221779618660556253e+02
3.207070362622405355e+02
3.192353784874974849e+02
3.177629884968309284e+02
3.162906090802703147e+02
3.148189830278450927e+02
3.133473674595347802e+02
3.118772480003937630e+02
3.104078817704015023e+02
3.089407543946124974e+02
3.074758658280310897e+02
3.060132160256619045e+02
3.045542906125592708e+02
3.030983467087026497e+02
3.016461271041215468e+02
3.001983745888453541e+02
2.987558319529035771e+02
2.973170134812506831e+02
2.958841476339659948e+02
2.944564915310291440e+02
2.930347879564167215e+02
2.916197796698951947e+02
2.902107237551278445e+02
2.888091058008533309e+02
2.874149257257602130e+02
2.860289262835619866e+02
2.846503645579222166e+02
2.832807261375793928e+02
2.819192681061970802e+02
2.805682188875388192e+02
2.792253498952181872e+02
2.778928895529986676e+02
2.765708377795688193e+02
2.752591944936172581e+02
2.739579596138324291e+02
2.726671330589028344e+02
2.713882004175670772e+02
2.701211616085137166e+02
2.688652737154062038e+02
2.676220223269832559e+02
2.663914073619332044e+02
2.651726859039197279e+02
2.639673435416813732e+02
2.627746373588815345e+02
2.615960529442588722e+02
2.604308473814768945e+02
2.592797634242491540e+02
2.581428009912641528e+02
2.570199600012104497e+02
2.559112403727766321e+02
2.548181276947011611e+02
2.537398790506476871e+02
2.526764943593045416e+02
2.516279735393604540e+02
2.505950593445289485e+02
2.495784945285235210e+02
2.485767933399826290e+02
2.475914413676450181e+02
2.466216956951739689e+02
2.456682990762832617e+02
2.447312514296613131e+02
2.438112955090216190e+02
2.429076883980278581e+02
2.420204300153684187e+02
2.411502631147569389e+02
2.402971876148819490e+02
2.394612034344319227e+02
2.386423104920954756e+02
2.378405087065611951e+02
2.370565408315424634e+02
2.362889210832675815e+02
2.355391348884236322e+02
2.348064391362123899e+02
2.340915763858854461e+02
2.333938035266446889e+02
2.327138631177417949e+02
2.320510120483785954e+02
2.314052500427817165e+02
2.307780624952279425e+02
2.301679634598939685e+02
2.295749526610066766e+02
2.289997726578176866e+02
2.284416803395287161e+02
2.279006754303666185e+02
2.273775004895830989e+02
2.268714124063799034e+02
2.263824109049836295e+02
2.259104957096213013e+02
2.254564093795444251e+02
2.250186659689298665e+02
2.245980080370292740e+02
2.241944353080694441e+02
2.238072046712521512e+02
2.234378015208540660e+02
2.230839970760270035e+02
2.227465338960226688e+02
2.224261545400927957e+02
2.221213730624141363e+02
2.218329320222383956e+02
2.215608311437923987e+02
2.213043273162778348e+02
2.210626774288964498e+02
2.208373668759250279e+02
2.206269097115402076e+02
2.204320484949938646e+02
2.202520401154876026e+02
2.200868842972483037e+02
2.199365807645026791e+02
2.198003864064523327e+02
2.196783009473241179e+02
2.195703241113448883e+02
2.194764556227411560e+02
2.193966952057398316e+02
2.193295569145175818e+02
2.192757833083261403e+02
2.192353741113922752e+02
2.192075862129177608e+02
2.191924193371293086e+02
2.191891303732286644e+02
2.191977190454425397e+02
2.192189279525446182e+02
2.192512713463207774e+02
2.192947491881290318e+02
2.193493614393271116e+02
2.194151080612730027e+02
2.194912461802994699e+02
2.195777757577644422e+02
2.196746967550256784e+02
2.197812662984162273e+02
2.198974843492937907e+02
2.200233508690162978e+02
2.201573801488916615e+02
2.203010578203276282e+02
2.204528981746321961e+02
2.206121583381381015e+02
2.207803239422532897e+02
2.209559092782856169e+02
2.211381714725679615e+02
2.213285961565081550e+02
2.215249547863890598e+02
2.217279901585935136e+02
2.219377022344795023e+02
2.221526053053547116e+02
2.223734421676021782e+02
2.226002127825797174e+02
2.228314314415951287e+02
2.230670981060063127e+02
2.233072127371711701e+02
2.235510324614225226e+02
2.237993000751431794e+02
2.240505298696411671e+02
2.243054646412992668e+02
2.245633615164502714e+02
2.248234776214271449e+02
2.250865557526127247e+02
2.253511102013148388e+02
2.256178837639164101e+02
2.258861335667502601e+02
2.261551167361492389e+02
2.264255760684962695e+02
2.266967686901242018e+02
2.269679517273658860e+02
2.272383823065541151e+02
2.275095460590969481e+02
2.277792144412770199e+02
2.280488730845023895e+02
2.283170362800807709e+02
2.285829611543451563e+02
2.288481333387033203e+02
2.291103242894381538e+02
2.293710196509157981e+02
2.296287337792352048e+02
2.298834667135037932e+02
2.301352184928288125e+02
2.303839891563175968e+02
2.306290359080524013e+02
2.308696159521155664e+02
2.311064721626394203e+02
2.313388617437061612e+02
2.315667847344231234e+02
2.317894983388727326e+02
2.320070025961621241e+02
2.322185547103736383e+02
2.324248975556396886e+02
2.326252883360424448e+02
2.328189842556642759e+02
2.330074710236624753e+02
2.331885201740692537e+02
2.333636174160421035e+02
2.335312771186381440e+02
2.336922421559897884e+02
2.338465125672042575e+02
2.339926027213388977e+02
2.341312554925260088e+02
2.342624709198729249e+02
2.343847633724368791e+02
2.344988757243501993e+02
2.346048080147202199e+02
2.347018174476291961e+02
2.347899040621844051e+02
2.348698107325182036e+02
2.349400518276878813e+02
2.350006273868008009e+02
2.350522802839891767e+02
2.350942677233352356e+02
2.351265897439464538e+02
2.351485035499050582e+02
2.351607520153432915e+02
2.351625923443436363e+02
2.351540245760131427e+02
2.351343059144342647e+02
2.351041792337393304e+02
2.350636445730355319e+02
2.350119591364052383e+02
2.349498657979807206e+02
2.348766217618443193e+02
2.347914842320782611e+02
2.346959389178399817e+02
2.345892430232116510e+02
2.344713965873006600e+02
2.343416568802094275e+02
2.342007671061712699e+02
2.340479848653896227e+02
2.338833105930930572e+02
2.337067447245100311e+02
2.335190305298939677e+02
2.333186827744233085e+02
2.331071875633766126e+02
2.328830596619323501e+02
2.326477851753689663e+02
2.323998788688649313e+02
2.321408268476986620e+02
2.318691438770488276e+02
2.315855732271687089e+02
2.312908581683118427e+02
2.309835134656567845e+02
2.306642823894569005e+02
2.303339082099657560e+02
2.299909056923617356e+02
2.296367609419233418e+02
2.292707315588541235e+02
2.288920751433574026e+02
2.285022778007118518e+02
2.281005971311208498e+02
2.276877764048378481e+02
2.272623303870413167e+02
2.268257451830098148e+02
2.263772783929467494e+02
2.259176732871056572e+02
2.254469303007148824e+02
2.249650498690029963e+02
2.244720324271985419e+02
2.239678784105298917e+02
2.234525882542255886e+02
2.229276480635639928e+02
2.223908297686987225e+02
2.218436194749081380e+02
2.212867604524458329e+02
2.207187674664901635e+02
2.201403837872946951e+02
2.195516098500878570e+02
2.189524460900981069e+02
2.183436357775790100e+02
2.177251793477589388e+02
2.170963344008414708e+02
2.164585870421049663e+02
2.158111948717530026e+02
2.151541583250140093e+02
2.144882206721414377e+02
2.138126395133388371e+02
2.131281579985153485e+02
2.124347759611782749e+02
2.117324931144905520e+02
2.110213091716152292e+02
2.103019666807402075e+02
2.095737225200035425e+02
2.088380620726181576e+02
2.080934993816971144e+02
2.073422626654783016e+02
2.065828659670747527e+02
2.058167946696995045e+02
2.050433056514904422e+02
2.042631414606356088e+02
2.034755589752729747e+02
2.026820435786155485e+02
2.018818521488012721e+02
2.010757272340181316e+02
2.002629257124041828e+02
1.994449329671723206e+02
1.986202630414356065e+02
1.977911441534319295e+02
1.969560903462743511e+02
1.961158441681508577e+02
1.952718910022744012e+02
1.944220020567329641e+02
1.935684055497645488e+02
1.927103583595071257e+02
1.918486030341487094e+02
1.909831392868522641e+02
1.901132239957557601e+02
1.892403425440721776e+02
1.883637518099395436e+02
1.874841943415457877e+02
1.866016698520539592e+02
1.857169208896519876e+02
1.848299471675028656e+02
1.839400055637445917e+02
1.830485814615901461e+02
1.821556745742025498e+02
1.812612846147447101e+02
1.803654112963796763e+02
1.794687971672954063e+02
1.785706991056298705e+02
1.776726024945961058e+02
1.767737642123320256e+02
1.758741839720006510e+02
1.749746043217899683e+02
1.740750249748629983e+02
1.731761884794076423e+02
1.722773517135619556e+02
1.713792573094123668e+02
1.704819053996143055e+02
1.695860390357466656e+02
1.686909155993383536e+02
1.677980209769932287e+02
1.669058697152152320e+02
1.660159477006082795e+02
1.651282551497262148e+02
1.642420494440979439e+02
1.633588164703274117e+02
1.624778136099434676e+02
1.615997839145250055e+02
1.607247276006259256e+02
1.598526448848001849e+02
1.589835359836015982e+02
1.581181439486091165e+02
1.572564689963766114e+02
1.563985113434580114e+02
1.555442712064071600e+02
1.546944916368030079e+02
1.538484300161744045e+02
1.530075722311253230e+02
1.521711756631845560e+02
1.513399833639311112e+02
1.505139955499187749e+02
1.496932124377015612e+02
1.488776342438332847e+02
1.480672611848678457e+02
1.472628363123841382e+02
1.464643598429361475e+02
1.456710891580526663e+02
1.448845101443376677e+02
1.441038801833199727e+02
1.433299423265785322e+02
1.425619539556422524e+02
1.418006581220899704e+02
1.410467978775006657e+02
1.402988877683781652e+02
1.395584136813263854e+02
1.388253758328992262e+02
1.380990316046256510e+02
1.373801240480844399e+02
1.366686533798295784e+02
1.359638769813898875e+02
1.352672807393693404e+02
1.345788648703218087e+02
1.338978867557761703e+02
1.332243466122863538e+02
1.325589874914312531e+02
1.319018096097646833e+02
1.312528130932113868e+02
1.306119977051786520e+02
1.299793631184445815e+02
1.293556518408122997e+02
1.287401207100348870e+02
1.281327693988904457e+02
1.275343404151820295e+02
1.269440905966627895e+02
1.263627624511357652e+02
1.257903556513790448e+02
1.252261270351457654e+02
1.246708191102390231e+02
1.241244315494368777e+02
1.235869640255173891e+02
1.230576733762337085e+02
1.225380449444138975e+02
1.220273355678110931e+02
1.215255449192033410e+02
1.210319298363437355e+02
1.205479756620603524e+02
1.200729392341063715e+02
1.196068202252597814e+02
1.191503611433237211e+02
1.187020759910263195e+02
1.182634501111955814e+02
1.178329975065596500e+02
1.174122035199466296e+02
1.170003249891096146e+02
1.165966187518016284e+02
1.162025701508508604e+02
1.158174360240103340e+02
1.154412160440581658e+02
1.150731670487474503e+02
1.147147743809062774e+02
1.143645520432627336e+02
1.140239853786448947e+02
1.136915883897809181e+02
1.133681035844738005e+02
1.130527878004767075e+02
1.127471263806177291e+02
1.124488904925998725e+02
1.121595654792513699e+02
1.118791510133501816e+02
1.116069039326495016e+02
1.113428239099273327e+02
1.110869106179618484e+02
1.108391637295310659e+02
1.105995829174131302e+02
1.103681678543861295e+02
1.101449182132281379e+02
1.099298337275599522e+02
1.097221715393480395e+02
1.095219316864266403e+02
1.093298570416549325e+02
1.091444619728170835e+02
1.089672321877973502e+02
1.087974248894048799e+02
1.086350401154738989e+02
1.084793350688135547e+02
1.083310526222830816e+02
1.081901928137166493e+02
1.080560128459234903e+02
1.079277699217127520e+02
1.078069497489686626e+02
1.076928095305003978e+02
1.075853493041421700e+02
1.074838262727031548e+02
1.073882404740175645e+02
1.072993347809445766e+02
1.072163663962934095e+02
1.071393353578982186e+02
1.070682417035932446e+02
1.070030854712126427e+02
1.069431238635656314e+02
1.068883569184864228e+02
1.068395275088341521e+02
1.067951500023930578e+02
1.067559672720223318e+02
1.067219793555561580e+02
1.066931862908287627e+02
1.066688452806492791e+02
1.066489563628519335e+02
1.066327767402459585e+02
1.066217921207154689e+02
1.066145168720447458e+02
1.066116938670929244e+02
1.066125803086692088e+02
1.066171762346078111e+02
1.066254816827429295e+02
1.066374966909087192e+02
1.066524784619144128e+02
1.066711698686192022e+02
1.066928281138322774e+02
1.067174532353878220e+02
1.067450452711200342e+02
1.067748614238380895e+02
1.068076445664012368e+02
1.068426519016186376e+02
1.068806263023494836e+02
1.069200821363779568e+02
1.069617622693769192e+02
1.070056667032487212e+02
1.070503097626593672e+02
1.070979199473998591e+02
1.071462687471112076e+02
1.071960989915343987e+02
1.072474106753854386e+02
1.072994609583553540e+02
1.073522498351601229e+02
1.074065201355407453e+02
1.074615290191882480e+02
1.075165336457936007e+02
1.075722768450978464e+02
1.076287586118169486e+02
1.076852361056419483e+02
1.077417093212887949e+02
1.077981782534735515e+02
1.078546428969121820e+02
1.079103604112956987e+02
1.079660736263651017e+02
1.080210397018114037e+02
1.080752586323505966e+02
1.081294732477236948e+02
1.081821978725966744e+02
1.082341753367106065e+02
1.082846627997563900e+02
1.083344030914750959e+02
1.083826533715577369e+02
1.084301564697452562e+02
1.084754267107037151e+02
1.085192069241740995e+02
1.085614971048724016e+02
1.086022972475145991e+02
1.086408645117917615e+02
1.086771988924198382e+02
1.087113003841148497e+02
1.087439118166178105e+02
1.087735475145946964e+02
1.088009503077865077e+02
1.088261201909093074e+02
1.088483143236540087e+02
1.088682755357616827e+02
1.088852609869233135e+02
1.088992706718548789e+02
1.089103045852723994e+02
1.089191055569169038e+02
1.089241879114543394e+02
1.089262944786257634e+02
1.089246824181221740e+02
1.089200945596845145e+02
1.089125309213178667e+02
1.089012487791582515e+02
1.088862482676557306e+02
1.088675295212604226e+02
1.088458355094473404e+02
1.088196806966165724e+02
1.087905508872681963e+02
1.087569605458022863e+02
1.087203954767188492e+02
1.086793701444180584e+02
1.086346275183749128e+02
1.085854248980144945e+02
1.085325052528118590e+02
1.084751258821921027e+02
1.084140297556302812e+02
1.083492170075764562e+02
1.082792021024307303e+02
1.082054708446930960e+02
1.081280233688136718e+02
1.080453741391925604e+02
1.079590089603297969e+02
1.078681851316504208e+02
1.077736456226295445e+02
1.076739048976672137e+02
1.075704487612634921e+02
1.074625345128434617e+02
1.073494194518321905e+02
1.072325893827297705e+02
1.071113016049612270e+02
1.069862990880016298e+02
1.068560962962510814e+02
1.067214361991846232e+02
1.065823189312523596e+02
1.064387446269043238e+02
1.062914562556155715e+02
1.061389682817862194e+02
1.059820236748912947e+02
1.058213654044058813e+02
1.056562507697550615e+02
1.054859370703639030e+02
1.053119101107324269e+02
1.051341700253107518e+02
1.049512312784989376e+02
1.047645796747970621e+02
1.045734725136301506e+02
1.043786527644733155e+02
1.041793777267515964e+02
1.039756475349150975e+02
1.037682051584388461e+02
1.035563078967479242e+02
1.033399558604881605e+02
1.031206347351382391e+02
1.028961160072476417e+02
1.026686281735157849e+02
1.024366855555171441e+02
1.022010309799011907e+02
1.019616644382923312e+02
1.017178430872900492e+02
1.014710525885688099e+02
1.012198072637030322e+02
1.009655927743671811e+02
1.007069234421357180e+02
1.004452849286830798e+02
1.001799343906087358e+02
9.991087181953712104e+01
9.963884004211770673e+01
9.936309621494993394e+01
9.908438316468324558e+01
9.880195804791712533e+01
9.851730652632600993e+01
9.822894292148430395e+01
9.793761006004154979e+01
9.764405076864714772e+01
9.734677936887554495e+01
9.704728152240120664e+01
9.674481438582357384e+01
9.643937795076712405e+01
9.613171504388128596e+01
9.582182565679052288e+01
9.550896694609430426e+01
9.519388173844204459e+01
9.487657002545820717e+01
9.455703179876726949e+01
9.423600988501867448e+01
9.391201860578685512e+01
9.358654362274627658e+01
9.325884209249637991e+01
9.292965684168663643e+01
9.259824502691648718e+01
9.226534947483540350e+01
9.193097017706782026e+01
9.159510712523817233e+01
9.125701747594594337e+01
9.091818689086558436e+01
9.057861536162153016e+01
9.023681720978822796e+01
8.989502093206515099e+01
8.955174085002676065e+01
8.920697695529746341e+01
8.886221490955178126e+01
8.851596904636265606e+01
8.816972508739745251e+01
8.782199742622202621e+01
8.747427179650225071e+01
8.712580542682900386e+01
8.677734121584316540e+01
8.642887922716060700e+01
8.607967668937219230e+01
8.572973366609379298e+01
8.538053589099132523e+01
8.503134059265562428e+01
8.468140499967758217e+01
8.433295768074806631e+01
8.398377019440793845e+01
8.363532827432311478e+01
8.328688914908444474e+01
8.293919571733279383e+01
8.259224804268404796e+01
8.224604618875409301e+01
8.189984738413379262e+01
8.155513736248902035e+01
8.121117335241065405e+01
8.086795541751457961e+01
8.052548362141664029e+01
8.018450086275774424e+01
7.984426437012875510e+01
7.950551704217056681e+01
7.916825894249900841e+01
7.883249013472999422e+01
7.849746784745438788e+01
7.816467781433806294e+01
7.783337726397189726e+01
7.750356625997176252e+01
7.717524486595354460e+01
7.684915598055810904e+01
7.652529966740131329e+01
7.620293315507407783e+01
7.588279934221723977e+01
7.556415545742167694e+01
7.524774439932829750e+01
7.493430906657793855e+01
7.462236385273649830e+01
7.431265165644482806e+01
7.400554395883133907e+01
7.370074368950187704e+01
7.339847376257981182e+01
7.309865995817854412e+01
7.280145090691894438e+01
7.250677238891437071e+01
7.221477303478572196e+01
7.192545287783265451e+01
7.163888611359254810e+01
7.135507262378411042e+01
7.107408657362849169e+01
7.079600212834691320e+01
7.052074488615554060e+01
7.024853757928056552e+01
6.997930580593815364e+01
6.971304944784698421e+01
6.944991695373077789e+01
6.918990820530818553e+01
6.893309736780039998e+01
6.867933575592111595e+01
6.842884610189651085e+01
6.818162828744524973e+01
6.793760791078355510e+01
6.769685913713257719e+01
6.745938184821102368e+01
6.722525020924004480e+01
6.699446410193834822e+01
6.676702340802464164e+01
6.654300229272006106e+01
6.632232635424081479e+01
6.610506975780806727e+01
6.589130666864305397e+01
6.568096268496188372e+01
6.547403768848330685e+01
6.527068012793097296e+01
6.507074131801856254e+01
6.487429542396728266e+01
6.468134232749581258e+01
6.449188191032280315e+01
6.430591405416697626e+01
6.412351292424951055e+01
6.394452983528406520e+01
6.376903895249185439e+01
6.359711444109404965e+01
6.342860761580431728e+01
6.326359264184387143e+01
6.310206940093136296e+01
6.294403777478551376e+01
6.278942336162248239e+01
6.263837461016595398e+01
6.249074283512963035e+01
6.234652791823216234e+01
6.220580402469476411e+01
6.206849675273360845e+01
6.193453170056486812e+01
6.180398303340975019e+01
6.167677634948442034e+01
6.155291153622834344e+01
6.143238850396411976e+01
6.131513288523257899e+01
6.120114459607708568e+01
6.109042355254102574e+01
6.098282110366273656e+01
6.087856001599305245e+01
6.077734307156538307e+01
6.067931875342804204e+01
6.058448697762442947e+01
6.049262480969036915e+01
6.040388073267423863e+01
6.031810609561438952e+01
6.023530081455420060e+01
6.015539052203448733e+01
6.007837513409865693e+01
6.000425456679003133e+01
5.993295445264948285e+01
5.986447470772037605e+01
5.979866668104106964e+01
5.973567885565990565e+01
5.967528829711276472e+01
5.961756920494547529e+01
5.956252149520144457e+01
5.950992223341648923e+01
5.945991990263898685e+01
5.941229156840478964e+01
5.936711143025977577e+01
5.932430512074476781e+01
5.928379827240065936e+01
5.924551651776827299e+01
5.920945977289100171e+01
5.917562795381218166e+01
5.914387240957019287e+01
5.911419305620837861e+01
5.908651552626758985e+01
5.906076545228871311e+01
5.903701703381758392e+01
5.901512161989256811e+01
5.899493055955202436e+01
5.897659233584430893e+01
5.895988401430528114e+01
5.894480551097831267e+01
5.893135674190673967e+01
5.891938905612894928e+01
5.890890236968828475e+01
5.889982231512558997e+01
5.889207452498173723e+01
5.888565891530009822e+01
5.888050111862150970e+01
5.887660108769885170e+01
5.887373607161546829e+01
5.887205477367670881e+01
5.887133447967544697e+01
5.887164960941452563e+01
5.887277744868681140e+01
5.887479241729515422e+01
5.887762036803740529e+01
5.888118715371142997e+01
5.888541862711510078e+01
5.889031492454873984e+01
5.889572761530772027e+01
5.890165683569241395e+01
5.890802843850065784e+01
5.891484256003279540e+01
5.892202505308673466e+01
5.892942748695776345e+01
5.893712428144880278e+01
5.894496700585516180e+01
5.895303007997972600e+01
5.896109078961534067e+01
5.896922355456486997e+01
5.897727994412365149e+01
5.898533437809456359e+01
5.899316414227044447e+01
5.900084365645417961e+01
5.900829877344358465e+01
5.901538106253404692e+01
5.902216494352840925e+01
5.902842770221952406e+01
5.903431804191277621e+01
5.903968753190350327e+01
5.904453630849204870e+01
5.904871594097378562e+01
5.905237513265405624e+01
5.905529116932576272e+01
5.905753847079169105e+01
5.905896860634724277e+01
5.905965599579527492e+01
5.905937792492861860e+01
5.905828309705265156e+01
5.905614879796022620e+01
5.905304944745420670e+01
5.904883661482993773e+01
5.904351043638776986e+01
5.903707104842807496e+01
5.902951858725120360e+01
5.902063033865000108e+01
5.901055500592984515e+01
5.899914415838608761e+01
5.898647217121395414e+01
5.897231610716830374e+01
5.895675011840631186e+01
5.893969979008020488e+01
5.892116499084468728e+01
5.890107130585196415e+01
5.887934432025424059e+01
5.885598390270625657e+01
5.883098992186268816e+01
5.880428796287575466e+01
5.877595217790268833e+01
5.874583386859316647e+01
5.871400718710442135e+01
5.868047200209115033e+01
5.864507961520305912e+01
5.860782989509488772e+01
5.856879699392379734e+01
5.852790649684204993e+01
5.848508398900182215e+01
5.844032933905781846e+01
5.839364241566478597e+01
5.834502308747737942e+01
5.829439693964787494e+01
5.824176384083092017e+01
5.818712365968128353e+01
5.813047626485361263e+01
5.807174724150016232e+01
5.801101074177813643e+01
5.794826663434222525e+01
5.788336622084214866e+01
5.781645793693763835e+01
5.774739308427837159e+01
5.767617153151906706e+01
5.760286743081695704e+01
5.752740636732420398e+01
5.744978820969557631e+01
5.737008711008822814e+01
5.728815437015192202e+01
5.720413842554631145e+01
5.711796486142365126e+01
5.702970782994115240e+01
5.693929291625099864e+01
5.684671998900790157e+01
5.675206320036908636e+01
5.665524813548675098e+01
5.655627466301562123e+01
5.645521693511288674e+01
5.635200053693076683e+01
5.624669962062647244e+01
5.613916548784971638e+01
5.602962091435976077e+01
5.591784320128910224e+01
5.580405540738227899e+01
5.568810917387134651e+01
5.557007899249585847e+01
5.544989078799033422e+01
5.532769333559685521e+01
5.520341256004997632e+01
5.507712295308920858e+01
5.494875043944912818e+01
5.481836951086926746e+01
5.468605465908919427e+01
5.455165752534092860e+01
5.441540116836905838e+01
5.427713722940558938e+01
5.413694020019009656e+01
5.399481028895961288e+01
5.385074770395121391e+01
5.370482693690441067e+01
5.355697391255377937e+01
5.340726312263885234e+01
5.325576905889919033e+01
5.310249192957183340e+01
5.294750622639632809e+01
5.279073787410722929e+01
5.263233564794658292e+01
5.247229975615143616e+01
5.231063040695883615e+01
5.214740209210834365e+01
5.198261501983698452e+01
5.181626939838182011e+01
5.164843971948240409e+01
5.147912619137576939e+01
5.130832902229897741e+01
5.113612270399157467e+01
5.096250744469060123e+01
5.078755773613561786e+01
5.061127378656365750e+01
5.043373008771428800e+01
5.025492684782454234e+01
5.007493855863396703e+01
4.989369114487712409e+01
4.971133338179605232e+01
4.952786547762779890e+01
4.934328764060941808e+01
4.915767436248045641e+01
4.897102585147796106e+01
4.878334231583897207e+01
4.859469824730305731e+01
4.840516813760974912e+01
4.821467785822373031e+01
4.802345020154017163e+01
4.783141077267438845e+01
4.763855946024418841e+01
4.744504471987237082e+01
4.725086644017675042e+01
4.705609879327762712e+01
4.686066738429031631e+01
4.666464638533511078e+01
4.646810996853233178e+01
4.627105802249978694e+01
4.607349043585526260e+01
4.587555566422158648e+01
4.567717931271405263e+01
4.547843555345298228e+01
4.527939855855867535e+01
4.508006821664893238e+01
4.488051869984406039e+01
4.468074989676187414e+01
4.448083597952267354e+01
4.428077683674427334e+01
4.408064664054698056e+01
4.388044527954858864e+01
4.368024692586941882e+01
4.348005146812726451e+01
4.327985879493994759e+01
4.307974307842776085e+01
4.287985277421351782e+01
4.268003920391003447e+01
4.248045082314009591e+01
4.228116180402403046e+01
4.208217203517963156e+01
4.188348140522470686e+01
4.168523836978207697e+01
4.148736853396702884e+01
4.128987178639737721e+01
4.109297086619843498e+01
4.089651709498300391e+01
4.070058464487138394e+01
4.050524768798389630e+01
4.031058039644084090e+01
4.011650837535751890e+01
3.992310579685425154e+01
3.973044683305133162e+01
3.953853137256656680e+01
3.934743358752027120e+01
3.915707908302775309e+01
3.896754203120931237e+01
3.877897088768775546e+01
3.859121697407589124e+01
