#           k/h    P           
   0.100000E-03   0.425062E+03
   0.102020E-03   0.433368E+03
   0.104081E-03   0.441836E+03
   0.106184E-03   0.450469E+03
   0.108329E-03   0.459271E+03
   0.110517E-03   0.468245E+03
   0.112750E-03   0.477393E+03
   0.115027E-03   0.486720E+03
   0.117351E-03   0.496230E+03
   0.119722E-03   0.505924E+03
   0.122140E-03   0.515808E+03
   0.124608E-03   0.525885E+03
   0.127125E-03   0.536158E+03
   0.129693E-03   0.546632E+03
   0.132313E-03   0.557309E+03
   0.134986E-03   0.568195E+03
   0.137713E-03   0.579293E+03
   0.140495E-03   0.590608E+03
   0.143333E-03   0.602143E+03
   0.146228E-03   0.613903E+03
   0.149182E-03   0.625892E+03
   0.152196E-03   0.638114E+03
   0.155271E-03   0.650575E+03
   0.158407E-03   0.663279E+03
   0.161607E-03   0.676230E+03
   0.164872E-03   0.689433E+03
   0.168203E-03   0.702893E+03
   0.171601E-03   0.716615E+03
   0.175067E-03   0.730604E+03
   0.178604E-03   0.744865E+03
   0.182212E-03   0.759404E+03
   0.185893E-03   0.774226E+03
   0.189648E-03   0.789336E+03
   0.193479E-03   0.804740E+03
   0.197388E-03   0.820443E+03
   0.201375E-03   0.836451E+03
   0.205443E-03   0.852771E+03
   0.209594E-03   0.869407E+03
   0.213828E-03   0.886367E+03
   0.218147E-03   0.903656E+03
   0.222554E-03   0.921280E+03
   0.227050E-03   0.939247E+03
   0.231637E-03   0.957562E+03
   0.236316E-03   0.976232E+03
   0.241090E-03   0.995264E+03
   0.245960E-03   0.101467E+04
   0.250929E-03   0.103444E+04
   0.255998E-03   0.105460E+04
   0.261170E-03   0.107515E+04
   0.266446E-03   0.109610E+04
   0.271828E-03   0.111745E+04
   0.277319E-03   0.113922E+04
   0.282922E-03   0.116141E+04
   0.288637E-03   0.118402E+04
   0.294468E-03   0.120708E+04
   0.300417E-03   0.123057E+04
   0.306485E-03   0.125452E+04
   0.312677E-03   0.127894E+04
   0.318993E-03   0.130382E+04
   0.325437E-03   0.132918E+04
   0.332012E-03   0.135503E+04
   0.338719E-03   0.138138E+04
   0.345561E-03   0.140824E+04
   0.352542E-03   0.143561E+04
   0.359664E-03   0.146351E+04
   0.366930E-03   0.149194E+04
   0.374342E-03   0.152092E+04
   0.381904E-03   0.155045E+04
   0.389619E-03   0.158055E+04
   0.397490E-03   0.161123E+04
   0.405520E-03   0.164249E+04
   0.413712E-03   0.167435E+04
   0.422070E-03   0.170682E+04
   0.430596E-03   0.173990E+04
   0.439295E-03   0.177362E+04
   0.448169E-03   0.180798E+04
   0.457222E-03   0.184300E+04
   0.466459E-03   0.187868E+04
   0.475882E-03   0.191503E+04
   0.485496E-03   0.195208E+04
   0.495303E-03   0.198983E+04
   0.505309E-03   0.202829E+04
   0.515517E-03   0.206748E+04
   0.525931E-03   0.210741E+04
   0.536556E-03   0.214810E+04
   0.547395E-03   0.218955E+04
   0.558453E-03   0.223178E+04
   0.569734E-03   0.227480E+04
   0.581244E-03   0.231863E+04
   0.592986E-03   0.236329E+04
   0.604965E-03   0.240877E+04
   0.617186E-03   0.245511E+04
   0.629654E-03   0.250232E+04
   0.642374E-03   0.255040E+04
   0.655350E-03   0.259938E+04
   0.668589E-03   0.264926E+04
   0.682096E-03   0.270008E+04
   0.695875E-03   0.275183E+04
   0.709933E-03   0.280454E+04
   0.724274E-03   0.285822E+04
   0.738906E-03   0.291289E+04
   0.753832E-03   0.296856E+04
   0.769061E-03   0.302526E+04
   0.784597E-03   0.308299E+04
   0.800447E-03   0.314177E+04
   0.816617E-03   0.320163E+04
   0.833114E-03   0.326258E+04
   0.849944E-03   0.332463E+04
   0.867114E-03   0.338781E+04
   0.884631E-03   0.345212E+04
   0.902501E-03   0.351760E+04
   0.920733E-03   0.358425E+04
   0.939333E-03   0.365210E+04
   0.958309E-03   0.372115E+04
   0.977668E-03   0.379144E+04
   0.997418E-03   0.386298E+04
   0.101757E-02   0.393579E+04
   0.103812E-02   0.400988E+04
   0.105910E-02   0.408528E+04
   0.108049E-02   0.416200E+04
   0.110232E-02   0.424006E+04
   0.112459E-02   0.431948E+04
   0.114730E-02   0.440029E+04
   0.117048E-02   0.448249E+04
   0.119413E-02   0.456611E+04
   0.121825E-02   0.465116E+04
   0.124286E-02   0.473767E+04
   0.126797E-02   0.482566E+04
   0.129358E-02   0.491514E+04
   0.131971E-02   0.500613E+04
   0.134637E-02   0.509865E+04
   0.137357E-02   0.519272E+04
   0.140132E-02   0.528835E+04
   0.142963E-02   0.538557E+04
   0.145851E-02   0.548440E+04
   0.148797E-02   0.558484E+04
   0.151803E-02   0.568693E+04
   0.154870E-02   0.579067E+04
   0.157998E-02   0.589609E+04
   0.161190E-02   0.600319E+04
   0.164446E-02   0.611201E+04
   0.167768E-02   0.622255E+04
   0.171158E-02   0.633483E+04
   0.174615E-02   0.644887E+04
   0.178143E-02   0.656468E+04
   0.181741E-02   0.668227E+04
   0.185413E-02   0.680167E+04
   0.189158E-02   0.692288E+04
   0.192980E-02   0.704592E+04
   0.196878E-02   0.717081E+04
   0.200855E-02   0.729754E+04
   0.204913E-02   0.742614E+04
   0.209052E-02   0.755662E+04
   0.213276E-02   0.768899E+04
   0.217584E-02   0.782325E+04
   0.221979E-02   0.795942E+04
   0.226464E-02   0.809751E+04
   0.231039E-02   0.823751E+04
   0.235706E-02   0.837945E+04
   0.240467E-02   0.852331E+04
   0.245325E-02   0.866912E+04
   0.250281E-02   0.881687E+04
   0.255337E-02   0.896656E+04
   0.260495E-02   0.911820E+04
   0.265758E-02   0.927178E+04
   0.271126E-02   0.942731E+04
   0.276603E-02   0.958479E+04
   0.282191E-02   0.974420E+04
   0.287892E-02   0.990555E+04
   0.293708E-02   0.100688E+05
   0.299641E-02   0.102340E+05
   0.305694E-02   0.104011E+05
   0.311870E-02   0.105701E+05
   0.318170E-02   0.107410E+05
   0.324597E-02   0.109138E+05
   0.331155E-02   0.110884E+05
   0.337844E-02   0.112649E+05
   0.344669E-02   0.114432E+05
   0.351632E-02   0.116233E+05
   0.358735E-02   0.118051E+05
   0.365982E-02   0.119887E+05
   0.373376E-02   0.121741E+05
   0.380918E-02   0.123611E+05
   0.388613E-02   0.125498E+05
   0.396464E-02   0.127400E+05
   0.404473E-02   0.129319E+05
   0.412644E-02   0.131253E+05
   0.420980E-02   0.133202E+05
   0.429484E-02   0.135166E+05
   0.438160E-02   0.137143E+05
   0.447012E-02   0.139134E+05
   0.456042E-02   0.141138E+05
   0.465255E-02   0.143155E+05
   0.474653E-02   0.145183E+05
   0.484242E-02   0.147222E+05
   0.494024E-02   0.149271E+05
   0.504004E-02   0.151331E+05
   0.514186E-02   0.153399E+05
   0.524573E-02   0.155475E+05
   0.535170E-02   0.157559E+05
   0.545981E-02   0.159649E+05
   0.557011E-02   0.161745E+05
   0.568263E-02   0.163845E+05
   0.579743E-02   0.165949E+05
   0.591455E-02   0.168055E+05
   0.603403E-02   0.170163E+05
   0.615592E-02   0.172272E+05
   0.628028E-02   0.174380E+05
   0.640715E-02   0.176485E+05
   0.653658E-02   0.178588E+05
   0.666863E-02   0.180686E+05
   0.680335E-02   0.182778E+05
   0.694078E-02   0.184863E+05
   0.708100E-02   0.186940E+05
   0.722404E-02   0.189006E+05
   0.736998E-02   0.191061E+05
   0.751886E-02   0.193102E+05
   0.767075E-02   0.195128E+05
   0.782571E-02   0.197137E+05
   0.798380E-02   0.199128E+05
   0.814509E-02   0.201099E+05
   0.830963E-02   0.203048E+05
   0.847750E-02   0.204972E+05
   0.864875E-02   0.206870E+05
   0.882347E-02   0.208741E+05
   0.900171E-02   0.210581E+05
   0.918356E-02   0.212388E+05
   0.936908E-02   0.214161E+05
   0.955835E-02   0.215897E+05
   0.975144E-02   0.217594E+05
   0.994843E-02   0.219249E+05
   0.101494E-01   0.220860E+05
   0.103544E-01   0.222424E+05
   0.105636E-01   0.223939E+05
   0.107770E-01   0.225403E+05
   0.109947E-01   0.226812E+05
   0.112168E-01   0.228163E+05
   0.114434E-01   0.229455E+05
   0.116746E-01   0.230684E+05
   0.119104E-01   0.231847E+05
   0.121510E-01   0.232942E+05
   0.123965E-01   0.233965E+05
   0.126469E-01   0.234913E+05
   0.129024E-01   0.235784E+05
   0.131631E-01   0.236575E+05
   0.134290E-01   0.237282E+05
   0.137003E-01   0.237902E+05
   0.139770E-01   0.238433E+05
   0.142594E-01   0.238871E+05
   0.145474E-01   0.239213E+05
   0.148413E-01   0.239456E+05
   0.151411E-01   0.239598E+05
   0.154470E-01   0.239635E+05
   0.157590E-01   0.239564E+05
   0.160774E-01   0.239383E+05
   0.164022E-01   0.239088E+05
   0.167335E-01   0.238678E+05
   0.170716E-01   0.238149E+05
   0.174164E-01   0.237499E+05
   0.177683E-01   0.236726E+05
   0.181272E-01   0.235827E+05
   0.184934E-01   0.234801E+05
   0.188670E-01   0.233646E+05
   0.192481E-01   0.232360E+05
   0.196370E-01   0.230943E+05
   0.200337E-01   0.229392E+05
   0.204384E-01   0.227707E+05
   0.208513E-01   0.225888E+05
   0.212725E-01   0.223934E+05
   0.217022E-01   0.221845E+05
   0.221406E-01   0.219623E+05
   0.225879E-01   0.217267E+05
   0.230442E-01   0.214780E+05
   0.235097E-01   0.212162E+05
   0.239847E-01   0.209417E+05
   0.244692E-01   0.206546E+05
   0.249635E-01   0.203552E+05
   0.254678E-01   0.200440E+05
   0.259823E-01   0.197214E+05
   0.265072E-01   0.193876E+05
   0.270426E-01   0.190434E+05
   0.275889E-01   0.186893E+05
   0.281463E-01   0.183257E+05
   0.287149E-01   0.179535E+05
   0.292949E-01   0.175732E+05
   0.298867E-01   0.171857E+05
   0.304905E-01   0.167917E+05
   0.311064E-01   0.163920E+05
   0.317348E-01   0.159875E+05
   0.323759E-01   0.155791E+05
   0.330299E-01   0.151677E+05
   0.336972E-01   0.147543E+05
   0.343779E-01   0.143397E+05
   0.350724E-01   0.139250E+05
   0.357809E-01   0.135110E+05
   0.365038E-01   0.130989E+05
   0.372412E-01   0.126894E+05
   0.379935E-01   0.122835E+05
   0.387610E-01   0.118821E+05
   0.395440E-01   0.114861E+05
   0.403429E-01   0.110962E+05
   0.411579E-01   0.107131E+05
   0.419893E-01   0.103376E+05
   0.428375E-01   0.997023E+04
   0.437029E-01   0.961156E+04
   0.445858E-01   0.926200E+04
   0.454865E-01   0.892191E+04
   0.464053E-01   0.859156E+04
   0.473428E-01   0.827110E+04
   0.482992E-01   0.796058E+04
   0.492749E-01   0.765997E+04
   0.502703E-01   0.736911E+04
   0.512858E-01   0.708774E+04
   0.523219E-01   0.681553E+04
   0.533789E-01   0.655203E+04
   0.544572E-01   0.629670E+04
   0.555573E-01   0.604894E+04
   0.566796E-01   0.580806E+04
   0.578246E-01   0.557333E+04
   0.589927E-01   0.534397E+04
   0.601845E-01   0.511919E+04
   0.614003E-01   0.489818E+04
   0.626407E-01   0.468019E+04
   0.639061E-01   0.446446E+04
   0.651971E-01   0.425034E+04
   0.665142E-01   0.403728E+04
   0.678578E-01   0.382486E+04
   0.692287E-01   0.361279E+04
   0.706272E-01   0.340100E+04
   0.720539E-01   0.318957E+04
   0.735095E-01   0.297883E+04
   0.749945E-01   0.276931E+04
   0.765095E-01   0.256175E+04
   0.780551E-01   0.235709E+04
   0.796319E-01   0.215643E+04
   0.812406E-01   0.196103E+04
   0.828817E-01   0.177218E+04
   0.845561E-01   0.159123E+04
   0.862642E-01   0.141948E+04
   0.880068E-01   0.125810E+04
   0.897847E-01   0.110812E+04
   0.915985E-01   0.970317E+03
   0.934489E-01   0.845214E+03
   0.953367E-01   0.733034E+03
   0.972626E-01   0.633696E+03
   0.992274E-01   0.546831E+03
   0.101232E+00   0.471808E+03
   0.103277E+00   0.407779E+03
   0.105363E+00   0.353733E+03
   0.107492E+00   0.308553E+03
   0.109663E+00   0.271065E+03
   0.111879E+00   0.240092E+03
   0.114139E+00   0.214484E+03
   0.116445E+00   0.193148E+03
   0.118797E+00   0.175068E+03
   0.121197E+00   0.159317E+03
   0.123645E+00   0.145082E+03
   0.126143E+00   0.131679E+03
   0.128691E+00   0.118583E+03
   0.131291E+00   0.105454E+03
   0.133943E+00   0.921520E+02
   0.136649E+00   0.787422E+02
   0.139409E+00   0.654727E+02
   0.142226E+00   0.527247E+02
   0.145099E+00   0.409387E+02
   0.148030E+00   0.305289E+02
   0.151020E+00   0.218017E+02
   0.154071E+00   0.148980E+02
   0.157184E+00   0.977400E+01
   0.160359E+00   0.622394E+01
   0.163598E+00   0.393904E+01
   0.166903E+00   0.258172E+01
   0.170275E+00   0.185252E+01
   0.173715E+00   0.152879E+01
   0.177224E+00   0.146693E+01
   0.180804E+00   0.157514E+01
   0.184457E+00   0.177595E+01
   0.188183E+00   0.198115E+01
   0.191985E+00   0.209345E+01
   0.195863E+00   0.203307E+01
   0.199820E+00   0.177199E+01
   0.203856E+00   0.135233E+01
   0.207974E+00   0.873388E+00
   0.212176E+00   0.449941E+00
   0.216462E+00   0.162565E+00
   0.220835E+00   0.277664E-01
   0.225296E+00   0.193315E-03
   0.229847E+00   0.146706E-01
   0.234490E+00   0.211852E-01
   0.239227E+00   0.974930E-02
   0.244060E+00   0.851473E-05
   0.248990E+00   0.119114E-01
   0.254020E+00   0.441156E-01
   0.259152E+00   0.738929E-01
   0.264387E+00   0.787862E-01
   0.269728E+00   0.560303E-01
   0.275177E+00   0.236207E-01
   0.280736E+00   0.293224E-02
   0.286407E+00   0.111844E-02
   0.292193E+00   0.820871E-02
   0.298096E+00   0.110884E-01
   0.304118E+00   0.644080E-02
   0.310261E+00   0.850632E-03
   0.316529E+00   0.659793E-03
   0.322923E+00   0.443172E-02
   0.329447E+00   0.640810E-02
   0.336102E+00   0.424297E-02
   0.342892E+00   0.977163E-03
   0.349819E+00   0.475868E-04
   0.356885E+00   0.103577E-02
   0.364095E+00   0.148683E-02
   0.371450E+00   0.692161E-03
   0.378954E+00   0.225071E-04
   0.386609E+00   0.243165E-03
   0.394419E+00   0.597270E-03
   0.402387E+00   0.401718E-03
   0.410516E+00   0.514855E-04
   0.418809E+00   0.357666E-04
   0.427269E+00   0.153529E-03
   0.435901E+00   0.102840E-03
   0.444706E+00   0.599706E-05
   0.453690E+00   0.232097E-04
   0.462855E+00   0.549712E-04
   0.472206E+00   0.230176E-04
   0.481745E+00   0.477123E-07
   0.491477E+00   0.117737E-04
   0.501405E+00   0.114249E-04
   0.511534E+00   0.808779E-06
   0.521868E+00   0.232561E-05
   0.532411E+00   0.424913E-05
   0.543166E+00   0.682232E-06
   0.554139E+00   0.463327E-06
   0.565333E+00   0.130982E-05
   0.576753E+00   0.234635E-06
   0.588404E+00   0.832285E-07
   0.600291E+00   0.271509E-06
   0.612418E+00   0.757989E-08
   0.624789E+00   0.107485E-06
   0.637411E+00   0.116710E-06
   0.650288E+00   0.260043E-08
   0.663424E+00   0.245948E-07
   0.676826E+00   0.448909E-07
   0.690499E+00   0.517841E-08
   0.704448E+00   0.960858E-09
   0.718679E+00   0.332071E-09
   0.733197E+00   0.164426E-09
   0.748009E+00   0.123895E-09
   0.763119E+00   0.162332E-09
   0.778536E+00   0.293179E-09
   0.794263E+00   0.462028E-09
   0.810308E+00   0.616507E-09
   0.826677E+00   0.115515E-08
   0.843378E+00   0.381239E-08
   0.860415E+00   0.129296E-07
   0.877797E+00   0.263776E-07
   0.895529E+00   0.346900E-07
   0.913620E+00   0.378322E-07
   0.932076E+00   0.392037E-07
   0.950906E+00   0.410136E-07
   0.970115E+00   0.437739E-07
   0.989713E+00   0.453585E-07
   0.100971E+01   0.444019E-07
   0.103010E+01   0.425396E-07
   0.105091E+01   0.414315E-07
   0.107214E+01   0.412141E-07
   0.109380E+01   0.415793E-07
   0.111590E+01   0.416386E-07
   0.113844E+01   0.401795E-07
   0.116144E+01   0.373398E-07
   0.118490E+01   0.346090E-07
   0.120884E+01   0.326477E-07
   0.123326E+01   0.307294E-07
   0.125817E+01   0.282795E-07
   0.128359E+01   0.256047E-07
   0.130952E+01   0.231029E-07
   0.133597E+01   0.206620E-07
   0.136296E+01   0.180262E-07
   0.139049E+01   0.154855E-07
   0.141858E+01   0.136290E-07
   0.144724E+01   0.121938E-07
   0.147648E+01   0.980425E-08
   0.150630E+01   0.655768E-08
   0.153673E+01   0.458570E-08
   0.156778E+01   0.441457E-08
   0.159945E+01   0.463570E-08
   0.163176E+01   0.314183E-08
   0.166472E+01   0.153796E-08
   0.169835E+01   0.129567E-08
   0.173266E+01   0.229457E-08
   0.176766E+01   0.200999E-08
   0.180337E+01   0.292836E-09
   0.183980E+01   0.406413E-10
   0.187697E+01   0.543567E-10
   0.191489E+01   0.342552E-09
   0.195357E+01   0.831662E-09
   0.199304E+01   0.284885E-09
   0.203330E+01   0.299139E-10
   0.207437E+01   0.285135E-11
   0.211628E+01   0.117714E-11
   0.215903E+01   0.577220E-11
   0.220265E+01   0.487735E-10
   0.224714E+01   0.568918E-10
   0.229254E+01   0.134330E-10
   0.233885E+01   0.510841E-11
   0.238610E+01   0.588982E-11
   0.243430E+01   0.718870E-11
   0.248348E+01   0.491421E-11
   0.253365E+01   0.312737E-11
   0.258483E+01   0.280350E-11
   0.263705E+01   0.166455E-11
   0.269032E+01   0.272114E-12
   0.274466E+01   0.483533E-13
   0.280011E+01   0.124442E-12
   0.285668E+01   0.230018E-11
   0.291439E+01   0.357325E-11
   0.297326E+01   0.821569E-13
   0.303332E+01   0.316308E-14
   0.309460E+01   0.131353E-13
   0.315712E+01   0.521012E-12
   0.322090E+01   0.349948E-11
   0.328596E+01   0.128403E-11
   0.335234E+01   0.467623E-13
   0.342006E+01   0.929920E-15
   0.348916E+01   0.186171E-15
   0.355964E+01   0.102519E-14
   0.363155E+01   0.565774E-14
   0.370491E+01   0.187027E-14
   0.377976E+01   0.277630E-15
   0.385611E+01   0.380079E-15
   0.393401E+01   0.269198E-14
   0.401348E+01   0.748030E-14
   0.409456E+01   0.407067E-14
   0.417727E+01   0.179053E-14
   0.426166E+01   0.199040E-14
   0.434775E+01   0.758024E-14
   0.443558E+01   0.959573E-13
   0.452519E+01   0.142952E-11
   0.461660E+01   0.727568E-11
   0.470987E+01   0.827543E-11
   0.480501E+01   0.222767E-11
   0.490208E+01   0.267736E-12
   0.500111E+01   0.505161E-13
   0.510214E+01   0.334950E-13
   0.520521E+01   0.624838E-13
   0.531036E+01   0.219240E-12
   0.541763E+01   0.781129E-12
   0.552708E+01   0.146437E-11
   0.563873E+01   0.888381E-12
   0.575264E+01   0.124688E-12
   0.586885E+01   0.123146E-13
   0.598741E+01   0.122400E-13
   0.610836E+01   0.212215E-12
   0.623176E+01   0.112875E-11
   0.635765E+01   0.741488E-13
   0.648609E+01   0.107554E-14
   0.661711E+01   0.209161E-15
   0.675079E+01   0.568588E-15
   0.688716E+01   0.250760E-14
   0.702629E+01   0.709313E-14
   0.716823E+01   0.192143E-13
   0.731304E+01   0.589646E-13
   0.746077E+01   0.131025E-12
   0.761149E+01   0.144569E-12
   0.776525E+01   0.101583E-12
   0.792212E+01   0.671697E-13
   0.808217E+01   0.487095E-13
   0.824543E+01   0.394907E-13
   0.841200E+01   0.324736E-13
   0.858193E+01   0.217969E-13
   0.875530E+01   0.117384E-13
   0.893217E+01   0.758695E-14
   0.911261E+01   0.811791E-14
   0.929670E+01   0.113683E-13
   0.948451E+01   0.143079E-13
   0.967610E+01   0.116767E-13
   0.987158E+01   0.471739E-14
   0.100710E+02   0.150583E-14
   0.102744E+02   0.129441E-14
   0.104820E+02   0.427626E-14
   0.106938E+02   0.125031E-13
   0.109098E+02   0.930550E-14
   0.111302E+02   0.315521E-14
   0.113550E+02   0.126554E-14
   0.115844E+02   0.624708E-15
   0.118184E+02   0.249347E-15
   0.120572E+02   0.962708E-16
   0.123007E+02   0.794862E-16
   0.125492E+02   0.177837E-15
   0.128027E+02   0.427860E-15
   0.130614E+02   0.460313E-15
   0.133252E+02   0.195031E-15
   0.135944E+02   0.382795E-16
   0.138691E+02   0.975556E-17
   0.141492E+02   0.133608E-16
   0.144351E+02   0.903919E-16
   0.147267E+02   0.606754E-15
   0.150242E+02   0.138245E-14
   0.153277E+02   0.118537E-14
   0.156373E+02   0.449555E-15
   0.159532E+02   0.647239E-16
   0.162755E+02   0.339447E-17
   0.166043E+02   0.327928E-18
   0.169397E+02   0.611927E-18
   0.172819E+02   0.124089E-16
   0.176310E+02   0.837199E-16
   0.179872E+02   0.362497E-16
   0.183505E+02   0.869932E-17
   0.187212E+02   0.808355E-17
   0.190994E+02   0.157006E-16
   0.194853E+02   0.206360E-16
   0.198789E+02   0.170419E-16
   0.202805E+02   0.138637E-16
   0.206902E+02   0.133016E-16
