#           k/h    P           
   0.100000E-03   0.422098E+03
   0.102020E-03   0.430346E+03
   0.104081E-03   0.438755E+03
   0.106184E-03   0.447328E+03
   0.108329E-03   0.456069E+03
   0.110517E-03   0.464980E+03
   0.112750E-03   0.474065E+03
   0.115027E-03   0.483328E+03
   0.117351E-03   0.492771E+03
   0.119722E-03   0.502398E+03
   0.122140E-03   0.512213E+03
   0.124608E-03   0.522219E+03
   0.127125E-03   0.532421E+03
   0.129693E-03   0.542822E+03
   0.132313E-03   0.553425E+03
   0.134986E-03   0.564236E+03
   0.137713E-03   0.575257E+03
   0.140495E-03   0.586492E+03
   0.143333E-03   0.597947E+03
   0.146228E-03   0.609625E+03
   0.149182E-03   0.621531E+03
   0.152196E-03   0.633669E+03
   0.155271E-03   0.646043E+03
   0.158407E-03   0.658658E+03
   0.161607E-03   0.671519E+03
   0.164872E-03   0.684630E+03
   0.168203E-03   0.697997E+03
   0.171601E-03   0.711624E+03
   0.175067E-03   0.725516E+03
   0.178604E-03   0.739679E+03
   0.182212E-03   0.754117E+03
   0.185893E-03   0.768836E+03
   0.189648E-03   0.783841E+03
   0.193479E-03   0.799138E+03
   0.197388E-03   0.814732E+03
   0.201375E-03   0.830630E+03
   0.205443E-03   0.846836E+03
   0.209594E-03   0.863357E+03
   0.213828E-03   0.880199E+03
   0.218147E-03   0.897369E+03
   0.222554E-03   0.914871E+03
   0.227050E-03   0.932713E+03
   0.231637E-03   0.950902E+03
   0.236316E-03   0.969443E+03
   0.241090E-03   0.988344E+03
   0.245960E-03   0.100761E+04
   0.250929E-03   0.102725E+04
   0.255998E-03   0.104727E+04
   0.261170E-03   0.106768E+04
   0.266446E-03   0.108848E+04
   0.271828E-03   0.110969E+04
   0.277319E-03   0.113131E+04
   0.282922E-03   0.115334E+04
   0.288637E-03   0.117580E+04
   0.294468E-03   0.119870E+04
   0.300417E-03   0.122203E+04
   0.306485E-03   0.124582E+04
   0.312677E-03   0.127006E+04
   0.318993E-03   0.129478E+04
   0.325437E-03   0.131996E+04
   0.332012E-03   0.134564E+04
   0.338719E-03   0.137181E+04
   0.345561E-03   0.139848E+04
   0.352542E-03   0.142566E+04
   0.359664E-03   0.145337E+04
   0.366930E-03   0.148161E+04
   0.374342E-03   0.151039E+04
   0.381904E-03   0.153972E+04
   0.389619E-03   0.156961E+04
   0.397490E-03   0.160008E+04
   0.405520E-03   0.163113E+04
   0.413712E-03   0.166277E+04
   0.422070E-03   0.169502E+04
   0.430596E-03   0.172788E+04
   0.439295E-03   0.176137E+04
   0.448169E-03   0.179550E+04
   0.457222E-03   0.183028E+04
   0.466459E-03   0.186572E+04
   0.475882E-03   0.190183E+04
   0.485496E-03   0.193862E+04
   0.495303E-03   0.197612E+04
   0.505309E-03   0.201432E+04
   0.515517E-03   0.205325E+04
   0.525931E-03   0.209292E+04
   0.536556E-03   0.213333E+04
   0.547395E-03   0.217450E+04
   0.558453E-03   0.221645E+04
   0.569734E-03   0.225919E+04
   0.581244E-03   0.230273E+04
   0.592986E-03   0.234708E+04
   0.604965E-03   0.239227E+04
   0.617186E-03   0.243830E+04
   0.629654E-03   0.248519E+04
   0.642374E-03   0.253296E+04
   0.655350E-03   0.258162E+04
   0.668589E-03   0.263118E+04
   0.682096E-03   0.268166E+04
   0.695875E-03   0.273307E+04
   0.709933E-03   0.278544E+04
   0.724274E-03   0.283877E+04
   0.738906E-03   0.289308E+04
   0.753832E-03   0.294840E+04
   0.769061E-03   0.300473E+04
   0.784597E-03   0.306209E+04
   0.800447E-03   0.312050E+04
   0.816617E-03   0.317997E+04
   0.833114E-03   0.324053E+04
   0.849944E-03   0.330219E+04
   0.867114E-03   0.336496E+04
   0.884631E-03   0.342887E+04
   0.902501E-03   0.349394E+04
   0.920733E-03   0.356017E+04
   0.939333E-03   0.362759E+04
   0.958309E-03   0.369622E+04
   0.977668E-03   0.376608E+04
   0.997418E-03   0.383717E+04
   0.101757E-02   0.390953E+04
   0.103812E-02   0.398317E+04
   0.105910E-02   0.405811E+04
   0.108049E-02   0.413436E+04
   0.110232E-02   0.421195E+04
   0.112459E-02   0.429090E+04
   0.114730E-02   0.437122E+04
   0.117048E-02   0.445293E+04
   0.119413E-02   0.453606E+04
   0.121825E-02   0.462061E+04
   0.124286E-02   0.470662E+04
   0.126797E-02   0.479409E+04
   0.129358E-02   0.488305E+04
   0.131971E-02   0.497352E+04
   0.134637E-02   0.506551E+04
   0.137357E-02   0.515904E+04
   0.140132E-02   0.525413E+04
   0.142963E-02   0.535081E+04
   0.145851E-02   0.544908E+04
   0.148797E-02   0.554897E+04
   0.151803E-02   0.565049E+04
   0.154870E-02   0.575367E+04
   0.157998E-02   0.585851E+04
   0.161190E-02   0.596504E+04
   0.164446E-02   0.607327E+04
   0.167768E-02   0.618323E+04
   0.171158E-02   0.629491E+04
   0.174615E-02   0.640835E+04
   0.178143E-02   0.652356E+04
   0.181741E-02   0.664055E+04
   0.185413E-02   0.675934E+04
   0.189158E-02   0.687993E+04
   0.192980E-02   0.700236E+04
   0.196878E-02   0.712661E+04
   0.200855E-02   0.725272E+04
   0.204913E-02   0.738069E+04
   0.209052E-02   0.751054E+04
   0.213276E-02   0.764226E+04
   0.217584E-02   0.777588E+04
   0.221979E-02   0.791141E+04
   0.226464E-02   0.804884E+04
   0.231039E-02   0.818820E+04
   0.235706E-02   0.832947E+04
   0.240467E-02   0.847268E+04
   0.245325E-02   0.861783E+04
   0.250281E-02   0.876491E+04
   0.255337E-02   0.891394E+04
   0.260495E-02   0.906491E+04
   0.265758E-02   0.921782E+04
   0.271126E-02   0.937268E+04
   0.276603E-02   0.952948E+04
   0.282191E-02   0.968822E+04
   0.287892E-02   0.984890E+04
   0.293708E-02   0.100115E+05
   0.299641E-02   0.101760E+05
   0.305694E-02   0.103425E+05
   0.311870E-02   0.105108E+05
   0.318170E-02   0.106810E+05
   0.324597E-02   0.108531E+05
   0.331155E-02   0.110271E+05
   0.337844E-02   0.112029E+05
   0.344669E-02   0.113806E+05
   0.351632E-02   0.115600E+05
   0.358735E-02   0.117413E+05
   0.365982E-02   0.119243E+05
   0.373376E-02   0.121090E+05
   0.380918E-02   0.122954E+05
   0.388613E-02   0.124835E+05
   0.396464E-02   0.126732E+05
   0.404473E-02   0.128645E+05
   0.412644E-02   0.130574E+05
   0.420980E-02   0.132518E+05
   0.429484E-02   0.134477E+05
   0.438160E-02   0.136450E+05
   0.447012E-02   0.138437E+05
   0.456042E-02   0.140437E+05
   0.465255E-02   0.142450E+05
   0.474653E-02   0.144475E+05
   0.484242E-02   0.146512E+05
   0.494024E-02   0.148559E+05
   0.504004E-02   0.150617E+05
   0.514186E-02   0.152684E+05
   0.524573E-02   0.154760E+05
   0.535170E-02   0.156844E+05
   0.545981E-02   0.158935E+05
   0.557011E-02   0.161032E+05
   0.568263E-02   0.163135E+05
   0.579743E-02   0.165242E+05
   0.591455E-02   0.167353E+05
   0.603403E-02   0.169467E+05
   0.615592E-02   0.171581E+05
   0.628028E-02   0.173696E+05
   0.640715E-02   0.175811E+05
   0.653658E-02   0.177923E+05
   0.666863E-02   0.180033E+05
   0.680335E-02   0.182138E+05
   0.694078E-02   0.184237E+05
   0.708100E-02   0.186329E+05
   0.722404E-02   0.188413E+05
   0.736998E-02   0.190487E+05
   0.751886E-02   0.192550E+05
   0.767075E-02   0.194600E+05
   0.782571E-02   0.196635E+05
   0.798380E-02   0.198654E+05
   0.814509E-02   0.200655E+05
   0.830963E-02   0.202637E+05
   0.847750E-02   0.204598E+05
   0.864875E-02   0.206536E+05
   0.882347E-02   0.208448E+05
   0.900171E-02   0.210334E+05
   0.918356E-02   0.212191E+05
   0.936908E-02   0.214017E+05
   0.955835E-02   0.215810E+05
   0.975144E-02   0.217568E+05
   0.994843E-02   0.219288E+05
   0.101494E-01   0.220970E+05
   0.103544E-01   0.222609E+05
   0.105636E-01   0.224204E+05
   0.107770E-01   0.225753E+05
   0.109947E-01   0.227254E+05
   0.112168E-01   0.228703E+05
   0.114434E-01   0.230098E+05
   0.116746E-01   0.231437E+05
   0.119104E-01   0.232718E+05
   0.121510E-01   0.233937E+05
   0.123965E-01   0.235092E+05
   0.126469E-01   0.236181E+05
   0.129024E-01   0.237201E+05
   0.131631E-01   0.238149E+05
   0.134290E-01   0.239022E+05
   0.137003E-01   0.239819E+05
   0.139770E-01   0.240536E+05
   0.142594E-01   0.241171E+05
   0.145474E-01   0.241721E+05
   0.148413E-01   0.242183E+05
   0.151411E-01   0.242556E+05
   0.154470E-01   0.242836E+05
   0.157590E-01   0.243021E+05
   0.160774E-01   0.243109E+05
   0.164022E-01   0.243097E+05
   0.167335E-01   0.242983E+05
   0.170716E-01   0.242766E+05
   0.174164E-01   0.242443E+05
   0.177683E-01   0.242012E+05
   0.181272E-01   0.241472E+05
   0.184934E-01   0.240822E+05
   0.188670E-01   0.240059E+05
   0.192481E-01   0.239182E+05
   0.196370E-01   0.238192E+05
   0.200337E-01   0.237087E+05
   0.204384E-01   0.235866E+05
   0.208513E-01   0.234530E+05
   0.212725E-01   0.233078E+05
   0.217022E-01   0.231511E+05
   0.221406E-01   0.229830E+05
   0.225879E-01   0.228036E+05
   0.230442E-01   0.226130E+05
   0.235097E-01   0.224114E+05
   0.239847E-01   0.221990E+05
   0.244692E-01   0.219761E+05
   0.249635E-01   0.217430E+05
   0.254678E-01   0.215000E+05
   0.259823E-01   0.212474E+05
   0.265072E-01   0.209859E+05
   0.270426E-01   0.207157E+05
   0.275889E-01   0.204374E+05
   0.281463E-01   0.201516E+05
   0.287149E-01   0.198588E+05
   0.292949E-01   0.195598E+05
   0.298867E-01   0.192551E+05
   0.304905E-01   0.189455E+05
   0.311064E-01   0.186317E+05
   0.317348E-01   0.183145E+05
   0.323759E-01   0.179948E+05
   0.330299E-01   0.176733E+05
   0.336972E-01   0.173509E+05
   0.343779E-01   0.170284E+05
   0.350724E-01   0.167068E+05
   0.357809E-01   0.163868E+05
   0.365038E-01   0.160694E+05
   0.372412E-01   0.157554E+05
   0.379935E-01   0.154457E+05
   0.387610E-01   0.151410E+05
   0.395440E-01   0.148422E+05
   0.403429E-01   0.145499E+05
   0.411579E-01   0.142650E+05
   0.419893E-01   0.139879E+05
   0.428375E-01   0.137193E+05
   0.437029E-01   0.134597E+05
   0.445858E-01   0.132095E+05
   0.454865E-01   0.129689E+05
   0.464053E-01   0.127384E+05
   0.473428E-01   0.125178E+05
   0.482992E-01   0.123074E+05
   0.492749E-01   0.121069E+05
   0.502703E-01   0.119162E+05
   0.512858E-01   0.117348E+05
   0.523219E-01   0.115623E+05
   0.533789E-01   0.113981E+05
   0.544572E-01   0.112413E+05
   0.555573E-01   0.110911E+05
   0.566796E-01   0.109465E+05
   0.578246E-01   0.108062E+05
   0.589927E-01   0.106692E+05
   0.601845E-01   0.105339E+05
   0.614003E-01   0.103989E+05
   0.626407E-01   0.102629E+05
   0.639061E-01   0.101242E+05
   0.651971E-01   0.998150E+04
   0.665142E-01   0.983325E+04
   0.678578E-01   0.967822E+04
   0.692287E-01   0.951522E+04
   0.706272E-01   0.934328E+04
   0.720539E-01   0.916169E+04
   0.735095E-01   0.897006E+04
   0.749945E-01   0.876831E+04
   0.765095E-01   0.855665E+04
   0.780551E-01   0.833574E+04
   0.796319E-01   0.810661E+04
   0.812406E-01   0.787069E+04
   0.828817E-01   0.762974E+04
   0.845561E-01   0.738581E+04
   0.862642E-01   0.714117E+04
   0.880068E-01   0.689827E+04
   0.897847E-01   0.665966E+04
   0.915985E-01   0.642785E+04
   0.934489E-01   0.620523E+04
   0.953367E-01   0.599402E+04
   0.972626E-01   0.579611E+04
   0.992274E-01   0.561301E+04
   0.101232E+00   0.544575E+04
   0.103277E+00   0.529487E+04
   0.105363E+00   0.516037E+04
   0.107492E+00   0.504169E+04
   0.109663E+00   0.493768E+04
   0.111879E+00   0.484662E+04
   0.114139E+00   0.476624E+04
   0.116445E+00   0.469383E+04
   0.118797E+00   0.462628E+04
   0.121197E+00   0.456038E+04
   0.123645E+00   0.449282E+04
   0.126143E+00   0.442058E+04
   0.128691E+00   0.434090E+04
   0.131291E+00   0.425176E+04
   0.133943E+00   0.415194E+04
   0.136649E+00   0.404120E+04
   0.139409E+00   0.392050E+04
   0.142226E+00   0.379178E+04
   0.145099E+00   0.365776E+04
   0.148030E+00   0.352175E+04
   0.151020E+00   0.338740E+04
   0.154071E+00   0.325832E+04
   0.157184E+00   0.313780E+04
   0.160359E+00   0.302846E+04
   0.163598E+00   0.293195E+04
   0.166903E+00   0.284878E+04
   0.170275E+00   0.277829E+04
   0.173715E+00   0.271891E+04
   0.177224E+00   0.266793E+04
   0.180804E+00   0.262227E+04
   0.184457E+00   0.257825E+04
   0.188183E+00   0.253225E+04
   0.191985E+00   0.248131E+04
   0.195863E+00   0.242343E+04
   0.199820E+00   0.235792E+04
   0.203856E+00   0.228572E+04
   0.207974E+00   0.220897E+04
   0.212176E+00   0.213056E+04
   0.216462E+00   0.205373E+04
   0.220835E+00   0.198167E+04
   0.225296E+00   0.191687E+04
   0.229847E+00   0.186053E+04
   0.234490E+00   0.181257E+04
   0.239227E+00   0.177156E+04
   0.244060E+00   0.173506E+04
   0.248990E+00   0.170030E+04
   0.254020E+00   0.166473E+04
   0.259152E+00   0.162626E+04
   0.264387E+00   0.158400E+04
   0.269728E+00   0.153851E+04
   0.275177E+00   0.149094E+04
   0.280736E+00   0.144391E+04
   0.286407E+00   0.139976E+04
   0.292193E+00   0.135989E+04
   0.298096E+00   0.132462E+04
   0.304118E+00   0.129357E+04
   0.310261E+00   0.126535E+04
   0.316529E+00   0.123811E+04
   0.322923E+00   0.121019E+04
   0.329447E+00   0.118075E+04
   0.336102E+00   0.115000E+04
   0.342892E+00   0.111896E+04
   0.349819E+00   0.108904E+04
   0.356885E+00   0.106109E+04
   0.364095E+00   0.103563E+04
   0.371450E+00   0.101243E+04
   0.378954E+00   0.990622E+03
   0.386609E+00   0.969152E+03
   0.394419E+00   0.947351E+03
   0.402387E+00   0.925202E+03
   0.410516E+00   0.903268E+03
   0.418809E+00   0.882203E+03
   0.427269E+00   0.862356E+03
   0.435901E+00   0.843799E+03
   0.444706E+00   0.826220E+03
   0.453690E+00   0.809070E+03
   0.462855E+00   0.792011E+03
   0.472206E+00   0.775070E+03
   0.481745E+00   0.758557E+03
   0.491477E+00   0.742763E+03
   0.501405E+00   0.727692E+03
   0.511534E+00   0.713219E+03
   0.521868E+00   0.699149E+03
   0.532411E+00   0.685307E+03
   0.543166E+00   0.671720E+03
   0.554139E+00   0.658535E+03
   0.565333E+00   0.645833E+03
   0.576753E+00   0.633555E+03
   0.588404E+00   0.621584E+03
   0.600291E+00   0.609880E+03
   0.612418E+00   0.598440E+03
   0.624789E+00   0.587292E+03
   0.637411E+00   0.576463E+03
   0.650288E+00   0.565918E+03
   0.663424E+00   0.555600E+03
   0.676826E+00   0.545495E+03
   0.690499E+00   0.535618E+03
   0.704448E+00   0.525969E+03
   0.718679E+00   0.516530E+03
   0.733197E+00   0.507282E+03
   0.748009E+00   0.498210E+03
   0.763119E+00   0.489312E+03
   0.778536E+00   0.480584E+03
   0.794263E+00   0.472011E+03
   0.810308E+00   0.463582E+03
   0.826677E+00   0.455292E+03
   0.843378E+00   0.447136E+03
   0.860415E+00   0.439108E+03
   0.877797E+00   0.431201E+03
   0.895529E+00   0.423405E+03
   0.913620E+00   0.415717E+03
   0.932076E+00   0.408132E+03
   0.950906E+00   0.400645E+03
   0.970115E+00   0.393249E+03
   0.989713E+00   0.385941E+03
   0.100971E+01   0.378718E+03
   0.103010E+01   0.371579E+03
   0.105091E+01   0.364518E+03
   0.107214E+01   0.357532E+03
   0.109380E+01   0.350618E+03
   0.111590E+01   0.343774E+03
   0.113844E+01   0.337000E+03
   0.116144E+01   0.330291E+03
   0.118490E+01   0.323649E+03
   0.120884E+01   0.317072E+03
   0.123326E+01   0.310561E+03
   0.125817E+01   0.304113E+03
   0.128359E+01   0.297728E+03
   0.130952E+01   0.291406E+03
   0.133597E+01   0.285147E+03
   0.136296E+01   0.278951E+03
   0.139049E+01   0.272819E+03
   0.141858E+01   0.266751E+03
   0.144724E+01   0.260748E+03
   0.147648E+01   0.254813E+03
   0.150630E+01   0.248945E+03
   0.153673E+01   0.243144E+03
   0.156778E+01   0.237412E+03
   0.159945E+01   0.231750E+03
   0.163176E+01   0.226158E+03
   0.166472E+01   0.220640E+03
   0.169835E+01   0.215194E+03
   0.173266E+01   0.209824E+03
   0.176766E+01   0.204531E+03
   0.180337E+01   0.199315E+03
   0.183980E+01   0.194176E+03
   0.187697E+01   0.189117E+03
   0.191489E+01   0.184139E+03
   0.195357E+01   0.179242E+03
   0.199304E+01   0.174427E+03
   0.203330E+01   0.169695E+03
   0.207437E+01   0.165047E+03
   0.211628E+01   0.160484E+03
   0.215903E+01   0.156005E+03
   0.220265E+01   0.151611E+03
   0.224714E+01   0.147304E+03
   0.229254E+01   0.143082E+03
   0.233885E+01   0.138946E+03
   0.238610E+01   0.134896E+03
   0.243430E+01   0.130932E+03
   0.248348E+01   0.127053E+03
   0.253365E+01   0.123260E+03
   0.258483E+01   0.119553E+03
   0.263705E+01   0.115930E+03
   0.269032E+01   0.112391E+03
   0.274466E+01   0.108935E+03
   0.280011E+01   0.105563E+03
   0.285668E+01   0.102272E+03
   0.291439E+01   0.990627E+02
   0.297326E+01   0.959337E+02
   0.303332E+01   0.928842E+02
   0.309460E+01   0.899130E+02
   0.315712E+01   0.870193E+02
   0.322090E+01   0.842019E+02
   0.328596E+01   0.814597E+02
   0.335234E+01   0.787916E+02
   0.342006E+01   0.761964E+02
   0.348916E+01   0.736728E+02
   0.355964E+01   0.712197E+02
   0.363155E+01   0.688357E+02
   0.370491E+01   0.665197E+02
   0.377976E+01   0.642703E+02
   0.385611E+01   0.620863E+02
   0.393401E+01   0.599664E+02
   0.401348E+01   0.579092E+02
   0.409456E+01   0.559133E+02
   0.417727E+01   0.539776E+02
   0.426166E+01   0.521006E+02
   0.434775E+01   0.502811E+02
   0.443558E+01   0.485176E+02
   0.452519E+01   0.468089E+02
   0.461660E+01   0.451538E+02
   0.470987E+01   0.435507E+02
   0.480501E+01   0.419985E+02
   0.490208E+01   0.404959E+02
   0.500111E+01   0.390416E+02
   0.510214E+01   0.376343E+02
   0.520521E+01   0.362728E+02
   0.531036E+01   0.349557E+02
   0.541763E+01   0.336821E+02
   0.552708E+01   0.324505E+02
   0.563873E+01   0.312598E+02
   0.575264E+01   0.301089E+02
   0.586885E+01   0.289966E+02
   0.598741E+01   0.279219E+02
   0.610836E+01   0.268835E+02
   0.623176E+01   0.258805E+02
   0.635765E+01   0.249118E+02
   0.648609E+01   0.239764E+02
   0.661711E+01   0.230732E+02
   0.675079E+01   0.222014E+02
   0.688716E+01   0.213599E+02
   0.702629E+01   0.205479E+02
   0.716823E+01   0.197644E+02
   0.731304E+01   0.190086E+02
   0.746077E+01   0.182795E+02
   0.761149E+01   0.175765E+02
   0.776525E+01   0.168985E+02
   0.792212E+01   0.162449E+02
   0.808217E+01   0.156149E+02
   0.824543E+01   0.150077E+02
   0.841200E+01   0.144225E+02
   0.858193E+01   0.138586E+02
   0.875530E+01   0.133153E+02
   0.893217E+01   0.127920E+02
   0.911261E+01   0.122879E+02
   0.929670E+01   0.118024E+02
   0.948451E+01   0.113349E+02
   0.967610E+01   0.108848E+02
   0.987158E+01   0.104515E+02
   0.100710E+02   0.100344E+02
   0.102744E+02   0.963291E+01
   0.104820E+02   0.924658E+01
   0.106938E+02   0.887486E+01
   0.109098E+02   0.851723E+01
   0.111302E+02   0.817321E+01
   0.113550E+02   0.784232E+01
   0.115844E+02   0.752410E+01
   0.118184E+02   0.721810E+01
   0.120572E+02   0.692387E+01
   0.123007E+02   0.664100E+01
   0.125492E+02   0.636907E+01
   0.128027E+02   0.610770E+01
   0.130614E+02   0.585651E+01
   0.133252E+02   0.561512E+01
   0.135944E+02   0.538318E+01
   0.138691E+02   0.516035E+01
   0.141492E+02   0.494629E+01
   0.144351E+02   0.474069E+01
   0.147267E+02   0.454323E+01
   0.150242E+02   0.435361E+01
   0.153277E+02   0.417152E+01
   0.156373E+02   0.399670E+01
   0.159532E+02   0.382886E+01
   0.162755E+02   0.366775E+01
   0.166043E+02   0.351313E+01
   0.169397E+02   0.336474E+01
   0.172819E+02   0.322233E+01
   0.176310E+02   0.308569E+01
   0.179872E+02   0.295459E+01
   0.183505E+02   0.282883E+01
   0.187212E+02   0.270820E+01
   0.190994E+02   0.259251E+01
   0.194853E+02   0.248155E+01
   0.198789E+02   0.237514E+01
   0.202805E+02   0.227310E+01
   0.206902E+02   0.217528E+01
   0.211081E+02   0.208152E+01
   0.215346E+02   0.199164E+01
   0.219696E+02   0.190548E+01
   0.224134E+02   0.182289E+01
   0.228662E+02   0.174376E+01
   0.233281E+02   0.166794E+01
   0.237994E+02   0.159530E+01
   0.242802E+02   0.152571E+01
   0.247707E+02   0.145904E+01
   0.252710E+02   0.139516E+01
   0.257816E+02   0.133399E+01
   0.263024E+02   0.127542E+01
   0.268337E+02   0.121934E+01
   0.273758E+02   0.116563E+01
   0.279288E+02   0.111419E+01
   0.284930E+02   0.106494E+01
   0.290686E+02   0.101781E+01
   0.296558E+02   0.972706E+00
   0.302549E+02   0.929546E+00
   0.308661E+02   0.888230E+00
   0.314897E+02   0.848669E+00
   0.321258E+02   0.810806E+00
   0.327748E+02   0.774600E+00
   0.334369E+02   0.739982E+00
   0.341123E+02   0.706863E+00
   0.348014E+02   0.675167E+00
   0.355045E+02   0.644837E+00
   0.362217E+02   0.615821E+00
   0.369535E+02   0.588076E+00
   0.377000E+02   0.561562E+00
   0.384616E+02   0.536233E+00
