# The power spectrum definition is smaller than CAMB by a factor 8 pi^3.
#      k [h/Mpc]           P_cdm          P_vcdm           P_bar          P_vbar         P_total        P_vtotal
     2.12179e-06     1.22107e-05     1.21355e-05     1.22107e-05     1.21355e-05     1.22703e-05     1.21355e-05
     2.23849e-06     1.28603e-05     1.27811e-05     1.28603e-05     1.27811e-05     1.29231e-05     1.27811e-05
     2.36161e-06     1.35445e-05     1.34611e-05     1.35445e-05     1.34611e-05     1.36106e-05     1.34611e-05
     2.49151e-06     1.42651e-05     1.41773e-05     1.42651e-05     1.41773e-05     1.43347e-05     1.41773e-05
     2.62855e-06      1.5024e-05     1.49315e-05      1.5024e-05     1.49315e-05     1.50974e-05     1.49315e-05
     2.77312e-06     1.58233e-05     1.57259e-05     1.58233e-05     1.57259e-05     1.59006e-05     1.57259e-05
     2.92565e-06     1.66651e-05     1.65625e-05     1.66651e-05     1.65625e-05     1.67465e-05     1.65625e-05
     3.08656e-06     1.75517e-05     1.74437e-05     1.75517e-05     1.74437e-05     1.76374e-05     1.74437e-05
     3.25633e-06     1.84855e-05     1.83717e-05     1.84855e-05     1.83717e-05     1.85758e-05     1.83717e-05
     3.43544e-06      1.9469e-05     1.93491e-05      1.9469e-05     1.93491e-05      1.9564e-05     1.93491e-05
     3.62439e-06     2.05048e-05     2.03785e-05     2.05048e-05     2.03785e-05     2.06049e-05     2.03785e-05
     3.82374e-06     2.15956e-05     2.14627e-05     2.15956e-05     2.14627e-05     2.17011e-05     2.14627e-05
     4.03405e-06     2.27446e-05     2.26045e-05     2.27446e-05     2.26045e-05     2.28556e-05     2.26045e-05
     4.25594e-06     2.39546e-05     2.38071e-05     2.39546e-05     2.38071e-05     2.40716e-05     2.38071e-05
     4.49002e-06      2.5229e-05     2.50737e-05      2.5229e-05     2.50737e-05     2.53522e-05     2.50737e-05
     4.73698e-06     2.65713e-05     2.64077e-05     2.65713e-05     2.64077e-05      2.6701e-05     2.64077e-05
     4.99752e-06     2.79849e-05     2.78126e-05     2.79849e-05     2.78126e-05     2.81215e-05     2.78126e-05
      5.2724e-06     2.94737e-05     2.92923e-05     2.94737e-05     2.92923e-05     2.96176e-05     2.92923e-05
     5.56239e-06     3.10418e-05     3.08507e-05     3.10418e-05     3.08507e-05     3.11934e-05     3.08507e-05
     5.86833e-06     3.26932e-05      3.2492e-05     3.26932e-05      3.2492e-05     3.28529e-05      3.2492e-05
      6.1911e-06     3.44326e-05     3.42206e-05     3.44326e-05     3.42206e-05     3.46007e-05     3.42206e-05
     6.53162e-06     3.62644e-05     3.60412e-05     3.62644e-05     3.60412e-05     3.64415e-05     3.60412e-05
     6.89088e-06     3.81938e-05     3.79586e-05     3.81938e-05     3.79586e-05     3.83803e-05     3.79586e-05
     7.26989e-06     4.02257e-05     3.99781e-05     4.02257e-05     3.99781e-05     4.04222e-05     3.99781e-05
     7.66975e-06     4.23658e-05      4.2105e-05     4.23658e-05      4.2105e-05     4.25727e-05      4.2105e-05
      8.0916e-06     4.46197e-05      4.4345e-05     4.46197e-05      4.4345e-05     4.48376e-05      4.4345e-05
     8.53665e-06     4.69936e-05     4.67043e-05     4.69936e-05     4.67043e-05      4.7223e-05     4.67043e-05
     9.00619e-06     4.94937e-05      4.9189e-05     4.94937e-05      4.9189e-05     4.97354e-05      4.9189e-05
     9.50154e-06     5.21269e-05     5.18059e-05     5.21269e-05     5.18059e-05     5.23814e-05     5.18059e-05
     1.00241e-05     5.49001e-05     5.45621e-05     5.49001e-05     5.45621e-05     5.51682e-05     5.45621e-05
     1.05755e-05     5.78209e-05     5.74649e-05     5.78209e-05     5.74649e-05     5.81032e-05     5.74649e-05
     1.11572e-05      6.0897e-05     6.05221e-05      6.0897e-05     6.05221e-05     6.11944e-05     6.05221e-05
     1.17708e-05     6.41368e-05      6.3742e-05     6.41368e-05      6.3742e-05       6.445e-05      6.3742e-05
     1.24183e-05      6.7549e-05     6.71332e-05      6.7549e-05     6.71332e-05     6.78789e-05     6.71332e-05
     1.31013e-05     7.11427e-05     7.07047e-05     7.11427e-05     7.07047e-05     7.14901e-05     7.07047e-05
     1.38219e-05     7.49276e-05     7.44664e-05     7.49276e-05     7.44664e-05     7.52935e-05     7.44664e-05
     1.45821e-05     7.89139e-05     7.84281e-05     7.89139e-05     7.84281e-05     7.92992e-05     7.84281e-05
     1.53842e-05     8.31122e-05     8.26006e-05     8.31122e-05     8.26006e-05     8.35181e-05     8.26006e-05
     1.62303e-05      8.7534e-05     8.69951e-05     8.75339e-05     8.69951e-05     8.79614e-05     8.69951e-05
      1.7123e-05     9.21909e-05     9.16233e-05     9.21891e-05     9.16233e-05     9.26411e-05     9.16233e-05
     1.80648e-05     9.70956e-05     9.64978e-05     9.70939e-05     9.64978e-05     9.75697e-05     9.64978e-05
     1.90584e-05     0.000102261     0.000101632     0.000102259     0.000101632     0.000102761     0.000101632
     2.01067e-05     0.000107702     0.000107039       0.0001077     0.000107039     0.000108228     0.000107039
     2.12126e-05      0.00011343     0.000112733      0.00011343     0.000112733     0.000113985     0.000112733
     2.23793e-05     0.000119464     0.000118731     0.000119464     0.000118731      0.00012005     0.000118731
     2.36102e-05      0.00012582     0.000125048      0.00012582     0.000125048     0.000126437     0.000125048
     2.49088e-05     0.000132514       0.0001317     0.000132514       0.0001317     0.000133163       0.0001317
     2.62789e-05     0.000139564     0.000138707     0.000139564     0.000138707     0.000140248     0.000138707
     2.77242e-05     0.000146989     0.000146086     0.000146989     0.000146086     0.000147709     0.000146086
     2.92491e-05     0.000154809     0.000153858     0.000154809     0.000153858     0.000155567     0.000153858
     3.08579e-05     0.000163045     0.000162044     0.000163045     0.000162044     0.000163844     0.000162044
     3.25551e-05     0.000171719     0.000170665     0.000171719     0.000170665     0.000172561     0.000170665
     3.43457e-05     0.000180855     0.000179744     0.000180855     0.000179744     0.000181741     0.000179744
     3.62348e-05     0.000190477     0.000189307     0.000190477     0.000189307      0.00019141     0.000189307
     3.82278e-05      0.00020061     0.000199379      0.00020061     0.000199379     0.000201593     0.000199379
     4.03304e-05     0.000211283     0.000209986     0.000211283     0.000209986     0.000212318     0.000209986
     4.25487e-05     0.000222524     0.000221157     0.000222524     0.000221157     0.000223614     0.000221157
     4.48889e-05     0.000234362     0.000232923     0.000234362     0.000232923     0.000235511     0.000232923
     4.73579e-05     0.000246831     0.000245315     0.000246831     0.000245315     0.000248036     0.000245315
     4.99627e-05     0.000259962     0.000258366     0.000259962     0.000258366     0.000261232     0.000258366
     5.27107e-05     0.000273793     0.000272112     0.000273793     0.000272107      0.00027513     0.000272112
     5.56099e-05     0.000288359     0.000286584     0.000288359     0.000286584     0.000289767     0.000286584
     5.86686e-05       0.0003037      0.00030183       0.0003037      0.00030183     0.000305183      0.00030183
     6.18955e-05     0.000319857     0.000317888     0.000319857     0.000317888     0.000321419     0.000317888
     6.52999e-05     0.000336874       0.0003348     0.000336874       0.0003348     0.000338519       0.0003348
     6.88915e-05     0.000354797     0.000352612      0.00035479     0.000352612     0.000356529     0.000352612
     7.26806e-05     0.000373672     0.000371372     0.000373666     0.000371372     0.000375497     0.000371372
     7.66782e-05     0.000393552     0.000391129     0.000393545     0.000391129     0.000395474     0.000391129
     8.08957e-05     0.000414482     0.000411938     0.000414483     0.000411938     0.000416514     0.000411938
     8.53451e-05     0.000436534     0.000433854     0.000436534     0.000433854     0.000438665     0.000433854
     9.00392e-05     0.000459758     0.000456935     0.000459758     0.000456928     0.000462003     0.000456934
     9.49916e-05     0.000484218     0.000481236     0.000484217     0.000481237     0.000486582     0.000481236
     0.000100216     0.000509979     0.000506839      0.00050997     0.000506839     0.000512469     0.000506839
     0.000105728     0.000537111     0.000533804     0.000537101     0.000533804     0.000539733     0.000533804
     0.000111544     0.000565684     0.000562203     0.000565676     0.000562202     0.000568437     0.000562203
     0.000117679     0.000595771     0.000592114     0.000595762     0.000592103      0.00059868     0.000592112
     0.000124151     0.000627467     0.000623604     0.000627456     0.000623604      0.00063053     0.000623604
      0.00013098     0.000660849      0.00065678     0.000660838     0.000656778     0.000664063      0.00065678
     0.000138184     0.000695996     0.000691722     0.000695983      0.00069171     0.000699394      0.00069172
     0.000145785     0.000733023     0.000728509     0.000733012      0.00072851     0.000736604     0.000728509
     0.000153803     0.000772022     0.000767268     0.000771995     0.000767253     0.000775778     0.000767266
     0.000162262      0.00081308     0.000808074     0.000813066     0.000808074     0.000817051     0.000808074
     0.000171187     0.000856339     0.000851064     0.000856309     0.000851049     0.000860503     0.000851062
     0.000180603      0.00090188     0.000896325     0.000901848     0.000896323     0.000906266     0.000896325
     0.000190536     0.000949861     0.000944013     0.000949812     0.000943997     0.000954483     0.000944011
     0.000201016      0.00100038     0.000994218      0.00100033     0.000994201      0.00100525     0.000994216
     0.000212072      0.00105358      0.00104709      0.00105352      0.00104708      0.00105871      0.00104709
     0.000223737      0.00110961      0.00110278      0.00110956      0.00110276      0.00111501      0.00110278
     0.000236043      0.00116863      0.00116144      0.00116857      0.00116141      0.00117432      0.00116143
     0.000249026      0.00123078       0.0012232      0.00123071      0.00122317      0.00123676       0.0012232
     0.000262723      0.00129623      0.00128825      0.00129614      0.00128821      0.00130252      0.00128825
     0.000277173      0.00136517      0.00135675      0.00136505      0.00135672      0.00137177      0.00135674
     0.000292418      0.00143777       0.0014289      0.00143761      0.00142885      0.00144471      0.00142889
     0.000308501      0.00151422      0.00150487      0.00151406      0.00150481      0.00152153      0.00150486
      0.00032547      0.00159472      0.00158488      0.00159453      0.00158483       0.0016024      0.00158487
     0.000343371      0.00167949      0.00166915      0.00167929      0.00166906      0.00168759      0.00166913
     0.000362257      0.00176879      0.00175787      0.00176854      0.00175778       0.0017773      0.00175785
     0.000382182       0.0018628       0.0018513      0.00186252      0.00185121      0.00187174      0.00185129
     0.000403203      0.00196182       0.0019497      0.00196146      0.00194957      0.00197121      0.00194968
      0.00042538      0.00206609      0.00205333      0.00206566      0.00205315      0.00207596       0.0020533
     0.000448777      0.00217588      0.00216244      0.00217539      0.00216225      0.00218624      0.00216241
      0.00047346      0.00229149      0.00227732      0.00229091       0.0022771      0.00230238      0.00227728
     0.000499501       0.0024132      0.00239829      0.00241256      0.00239804      0.00242464      0.00239825
     0.000526975      0.00254138      0.00252564      0.00254063      0.00252534      0.00255336       0.0025256
      0.00055596      0.00267634      0.00265976      0.00267543      0.00265941      0.00268892      0.00265971
     0.000586539      0.00281847        0.002801      0.00281737      0.00280055      0.00283163      0.00280093
     0.000618799      0.00296808      0.00294965       0.0029668      0.00294919      0.00298186      0.00294958
     0.000652835      0.00312555      0.00310614      0.00312411       0.0031056      0.00314003      0.00310605
     0.000688742      0.00329137      0.00327093       0.0032897      0.00327029      0.00330653      0.00327083
     0.000726624        0.003466      0.00344441      0.00346395      0.00344363      0.00348179      0.00344428
      0.00076659      0.00364972      0.00362698       0.0036474      0.00362606      0.00366624      0.00362683
     0.000808754      0.00384318      0.00381915      0.00384039      0.00381807      0.00386039      0.00381898
     0.000853237      0.00404674      0.00402145      0.00404357      0.00402019      0.00406476      0.00402125
     0.000900166      0.00426105      0.00423433      0.00425725      0.00423288      0.00427977       0.0042341
     0.000949677      0.00448659      0.00445838      0.00448212      0.00445664      0.00450599      0.00445811
      0.00100191      0.00472387      0.00469409      0.00471868      0.00469211      0.00474399      0.00469377
      0.00105702      0.00497356      0.00494214      0.00496743      0.00493975      0.00499447      0.00494177
      0.00111516      0.00523624      0.00520309      0.00522906      0.00520033      0.00525786      0.00520265
      0.00117649      0.00551255      0.00547749      0.00550417      0.00547432      0.00553479      0.00547699
       0.0012412      0.00580322      0.00576619      0.00579341      0.00576243      0.00582609      0.00576559
      0.00130947      0.00610892      0.00606971      0.00609738      0.00606527      0.00613231      0.00606901
      0.00138149      0.00643029       0.0063889      0.00641679      0.00638363      0.00645421      0.00638807
      0.00145748      0.00676818      0.00672439      0.00675238      0.00671822      0.00679251      0.00672341
      0.00153764      0.00712336      0.00707701      0.00710482      0.00706977      0.00714789      0.00707587
      0.00162222      0.00749656      0.00744748      0.00747487      0.00743909      0.00752118      0.00744616
      0.00171144      0.00788863       0.0078366      0.00786322      0.00782678      0.00791305      0.00783505
      0.00180557      0.00830035      0.00824527      0.00827065       0.0082337      0.00832451      0.00824344
      0.00190488       0.0087328      0.00867417      0.00869795      0.00866069      0.00875626      0.00867205
      0.00200966      0.00918649      0.00912434      0.00914578      0.00910859      0.00920903      0.00912186
      0.00212019      0.00966268      0.00959656      0.00961497      0.00957798       0.0096836      0.00959363
      0.00223681       0.0101619       0.0100915       0.0101061       0.0100699       0.0101809       0.0100881
      0.00235984       0.0106852       0.0106103       0.0106199       0.0105851       0.0107018       0.0106064
      0.00248963       0.0112337       0.0111536       0.0111571        0.011124       0.0112469        0.011149
      0.00262657       0.0118078       0.0117222       0.0117181       0.0116877       0.0118167       0.0117168
      0.00277103       0.0124084       0.0123169       0.0123037       0.0122766       0.0124124       0.0123105
      0.00292345       0.0130365       0.0129385       0.0129141       0.0128911       0.0130343        0.012931
      0.00308424       0.0136926       0.0135874       0.0135494       0.0135322       0.0136829       0.0135787
      0.00325388       0.0143775       0.0142644       0.0142102       0.0141998       0.0143585       0.0142542
      0.00343285       0.0150918       0.0149695       0.0148961       0.0148943       0.0150618       0.0149577
      0.00362166       0.0158357       0.0157037       0.0156069       0.0156156       0.0157926       0.0156898
      0.00382086       0.0166095       0.0164663       0.0163425       0.0163637        0.016551       0.0164501
      0.00403102       0.0174132        0.017258       0.0171017       0.0171382       0.0173368       0.0172391
      0.00425273       0.0182471       0.0180779       0.0178835       0.0179384       0.0181496       0.0180559
      0.00448664       0.0191108       0.0189256       0.0186866       0.0187631       0.0189881       0.0188999
      0.00473341       0.0200032       0.0197999        0.019509       0.0196111       0.0198518         0.01977
      0.00499376       0.0209236          0.0207        0.020348       0.0204801       0.0207394       0.0206652
      0.00526843       0.0218706       0.0216241       0.0212008       0.0213683       0.0216487       0.0215836
       0.0055582       0.0228429       0.0225693       0.0220636       0.0222728       0.0225772       0.0225224
      0.00586391       0.0238382       0.0235335       0.0229322       0.0231897       0.0235229       0.0234791
      0.00618644       0.0248533       0.0245132       0.0238015       0.0241147       0.0244819       0.0244501
      0.00652671       0.0258853       0.0255041       0.0246657       0.0250432       0.0254507       0.0254311
      0.00688569       0.0269307        0.026502       0.0255175       0.0259694       0.0264253       0.0264176
      0.00726442       0.0279851       0.0275013       0.0263495       0.0268863       0.0274005       0.0274038
      0.00766397       0.0290429       0.0284951       0.0271529       0.0277874        0.028371       0.0283829
      0.00808551       0.0300993       0.0294775       0.0279181       0.0286637       0.0293305       0.0293483
      0.00853023        0.031148       0.0304407       0.0286344       0.0295062       0.0302728       0.0302922
       0.0089994       0.0321813       0.0313757       0.0292909       0.0303056       0.0311903       0.0312056
      0.00949439       0.0331928       0.0322739        0.029875       0.0310508        0.032076       0.0320793
       0.0100166       0.0341752       0.0331254       0.0303738       0.0317315       0.0329214       0.0329034
       0.0105675       0.0351187       0.0339211       0.0307742        0.032336       0.0337181       0.0336685
       0.0111488       0.0360164       0.0346511       0.0310629       0.0328534       0.0344574       0.0343642
        0.011762       0.0368592       0.0353054       0.0312262       0.0332726       0.0351301       0.0349806
       0.0124089       0.0376386       0.0358747       0.0312514       0.0335832       0.0357265       0.0355081
       0.0130914       0.0383459       0.0363501        0.031126       0.0337754        0.036237       0.0359375
       0.0138115       0.0389728       0.0367238       0.0308393       0.0338408       0.0366515        0.036261
       0.0145711       0.0395107       0.0369882       0.0303813       0.0337721       0.0369597        0.036471
       0.0153726        0.039952       0.0371379       0.0297453        0.033564       0.0371521       0.0365619
       0.0162181       0.0402885       0.0371675       0.0289262       0.0332124       0.0372187       0.0365286
       0.0171101       0.0405124       0.0370725       0.0279226       0.0327152       0.0371508       0.0363668
       0.0180512        0.040616       0.0368494       0.0267367       0.0320719       0.0369401       0.0360735
       0.0190441       0.0405922       0.0364951       0.0253754       0.0312835       0.0365806        0.035646
       0.0200915        0.040434       0.0360063       0.0238508       0.0303533        0.036068       0.0350822
       0.0211966       0.0401351       0.0353804       0.0221804       0.0292861       0.0353998       0.0343805
       0.0223625         0.03969       0.0346151       0.0203882       0.0280892        0.034576         0.03354
       0.0235924       0.0390951       0.0337097       0.0185046       0.0267735        0.033599       0.0325621
       0.0248901       0.0383488       0.0326654       0.0165661       0.0253534       0.0324739       0.0314501
       0.0262591       0.0374517       0.0314867       0.0146142       0.0238479       0.0312078       0.0302108
       0.0277034       0.0364074       0.0301822       0.0126941       0.0222806       0.0298122       0.0288558
       0.0292271       0.0352231       0.0287656       0.0108524       0.0206798       0.0283033       0.0274012
       0.0308347       0.0339089       0.0272541      0.00913323       0.0190765       0.0267014       0.0258669
       0.0325306       0.0324785        0.025669      0.00757582       0.0175035       0.0250321       0.0242768
       0.0343199       0.0309484       0.0240339        0.006211       0.0159926       0.0233234       0.0226565
       0.0362075       0.0293383       0.0223743      0.00505867       0.0145741       0.0216045       0.0210327
        0.038199       0.0276703        0.020716      0.00412703       0.0132735       0.0199031       0.0194319
          0.0403       0.0259675       0.0190841      0.00341284       0.0121108       0.0182454       0.0178788
       0.0425166       0.0242543       0.0175025      0.00290424       0.0110988       0.0166562       0.0163955
       0.0448551       0.0225534        0.015991      0.00258468       0.0102419       0.0151562        0.014999
       0.0473223       0.0208857       0.0145649      0.00243701      0.00953508        0.013759       0.0137007
       0.0499251       0.0192679       0.0132331      0.00244556      0.00896284       0.0124691       0.0125042
        0.052671       0.0177121       0.0119971      0.00259394      0.00849785       0.0112829       0.0114049
       0.0555681       0.0162244       0.0108501      0.00285773      0.00810037       0.0101899       0.0103895
       0.0586244       0.0148049      0.00977893      0.00319319      0.00771907      0.00917202       0.0094377
       0.0618489       0.0134486      0.00876611      0.00352772      0.00729533      0.00820555      0.00852504
       0.0652507       0.0121462      0.00779183      0.00376048      0.00677074      0.00726593      0.00762593
       0.0688396       0.0108874      0.00683782      0.00378146      0.00610025      0.00633375      0.00671863
       0.0726259      0.00966367      0.00589346      0.00350952      0.00526967      0.00539916      0.00579271
       0.0766205      0.00847237      0.00496045      0.00293775       0.0043099      0.00446784      0.00485475
       0.0808348      0.00731916      0.00405432       0.0021598      0.00329793      0.00356402      0.00392978
       0.0852808      0.00621936      0.00320388      0.00134926       0.0023409      0.00272534      0.00305872
       0.0899715      0.00519615      0.00244461     0.000687482      0.00154117      0.00199438      0.00228826
       0.0949201      0.00427503      0.00180741     0.000274737     0.000959048      0.00140385      0.00165582
        0.100141      0.00347738      0.00130876     8.96851e-05     0.000595403     0.000965514      0.00117776
        0.105649      0.00281317     0.000945034      3.7235e-05     0.000405394      0.00066696     0.000844923
         0.11146      0.00227789     0.000694765     4.46207e-05      0.00033054      0.00047788       0.0006284
         0.11759      0.00185299     0.000526306     0.000102605     0.000318939     0.000361279     0.000490149
        0.124058      0.00151147     0.000406601      0.00020308     0.000321226      0.00028245      0.00039246
        0.130881      0.00122553     0.000308634     0.000270758     0.000288915     0.000214869     0.000305479
         0.13808     0.000975278      0.00021797     0.000222791     0.000202005     0.000146279      0.00021541
        0.145675     0.000754217     0.000135812     9.41552e-05     9.50255e-05     8.17256e-05     0.000128893
        0.153687     0.000567676     7.27503e-05     8.77633e-06     2.40355e-05     3.49875e-05     6.33147e-05
         0.16214     0.000423977     3.52767e-05     3.98915e-06     2.14569e-06     1.17862e-05     2.73875e-05
        0.171058     0.000324299     1.87939e-05     7.85137e-06     3.25828e-07     4.57176e-06     1.39962e-05
        0.180467     0.000259552     1.37453e-05     3.93655e-08     3.20459e-06      3.8537e-06     1.15933e-05
        0.190393      0.00021436     1.23751e-05      1.4214e-05     1.07534e-05     4.79975e-06     1.21116e-05
        0.200865     0.000175019     9.51895e-06     2.08949e-05      1.0248e-05     3.92766e-06     9.63221e-06
        0.211913     0.000136963     4.71684e-06     3.66101e-06     1.88884e-06     1.21699e-06     4.18604e-06
        0.223568     0.000104802     1.43339e-06     1.81654e-06     2.82349e-07     1.95427e-08     8.54627e-07
        0.235865      8.3487e-05     5.70297e-07     3.62174e-06     6.40967e-07     2.89074e-08     2.59763e-07
        0.248838     7.13325e-05     7.85297e-07     2.66626e-08     1.01706e-07     3.20234e-08     6.34623e-07
        0.262525       6.188e-05     1.04045e-06     2.63085e-06     9.77363e-07      2.0911e-07     1.03036e-06
        0.276964      5.1163e-05     5.73246e-07     3.85306e-07     1.08393e-07        4.49e-08     4.75563e-07
        0.292198     4.13627e-05     1.60285e-07     6.65806e-07       1.967e-07     1.87574e-08     7.13905e-08
        0.308269     3.51965e-05     1.41348e-07     1.82581e-07     3.26411e-08     6.17261e-09     8.30176e-08
        0.325225     3.10684e-05     2.50324e-07     2.95542e-07     1.04963e-07     1.63954e-08     2.23253e-07
        0.343113     2.64758e-05     1.69551e-07     4.32911e-08     9.49402e-09     3.23484e-09     1.31162e-07
        0.361985     2.21953e-05      7.3015e-08     1.17502e-07     3.45488e-08     4.67622e-09     3.92991e-08
        0.381894      1.9339e-05     8.85325e-08     7.83106e-10     1.02431e-09     3.97449e-11     6.53421e-08
        0.402899     1.68552e-05     9.10041e-08     2.83728e-08     7.69422e-09     1.44907e-09     7.17736e-08
         0.42506     1.43684e-05     5.19619e-08     1.27203e-08     4.04043e-09     4.89948e-10     3.31053e-08
        0.448439     1.24805e-05     5.02908e-08     4.20704e-11     8.89916e-11     1.15595e-12     3.62313e-08
        0.473104     1.08506e-05     4.58744e-08     1.91697e-09     4.58407e-10     9.31118e-11     3.37687e-08
        0.499125     9.35164e-06     3.29631e-08     1.60746e-09      4.4738e-10     6.46179e-11     2.23708e-08
        0.526578     8.14002e-06     3.11675e-08      5.2153e-10     1.69757e-10     2.10744e-11     2.27225e-08
        0.555541     7.04973e-06     2.47669e-08     8.45749e-11     3.18805e-11     3.24297e-12     1.73316e-08
        0.586097      6.1209e-06      2.1343e-08     7.21361e-12     4.03634e-12     1.04779e-13     1.52174e-08
        0.618333     5.31278e-06     1.79259e-08      6.5576e-13     7.05239e-13     7.15161e-14      1.2684e-08
        0.652343     4.61192e-06     1.51641e-08     1.63899e-13     8.11896e-14     8.24269e-15     1.07637e-08
        0.688223     4.00441e-06     1.28196e-08     3.35677e-13      2.4545e-13      5.8897e-14     9.07805e-09
        0.726077      3.4773e-06     1.08798e-08     6.20037e-15     5.73886e-16     4.15377e-15      7.7185e-09
        0.766013     3.01997e-06     9.24397e-09     1.67028e-16     4.38789e-15     1.69658e-15     6.55679e-09
        0.808145      2.6229e-06     7.86709e-09     1.16799e-14     3.79692e-14     7.24643e-14     5.58494e-09
        0.852594     2.27802e-06     6.68871e-09     6.37919e-14     8.66711e-14     2.78843e-15     4.75041e-09
        0.899489     1.97798e-06     5.63931e-09     1.69188e-14     9.15836e-16     1.36977e-13     3.99969e-09
        0.948962     1.71675e-06     4.71393e-09     9.68589e-15     2.99396e-13     7.71368e-13     3.33375e-09
         1.00116     1.48953e-06     3.95168e-09      2.6501e-13     8.05626e-13      7.8728e-13     2.78787e-09
         1.05622     1.29243e-06     3.33959e-09     4.38581e-13     8.68903e-13     8.38592e-13     2.35448e-09
         1.11432     1.12132e-06     2.81224e-09     4.76912e-13     1.05761e-12      9.1869e-13     1.98019e-09
         1.17561     9.72945e-07      2.3906e-09     4.23447e-13     8.30301e-13     7.58949e-13     1.68383e-09
         1.24027     8.44206e-07     2.00976e-09     3.89889e-13     1.17214e-12     1.42505e-12     1.41265e-09
         1.30848     7.32489e-07     1.71475e-09     3.01601e-13     8.17166e-13     6.27312e-13      1.2063e-09
         1.38045     6.35551e-07     1.45914e-09     1.76125e-13     6.63162e-13     9.63679e-13     1.02672e-09
         1.45638      5.5139e-07     1.25065e-09     6.04452e-14     3.39517e-13     5.58152e-13     8.81606e-10
         1.53649       4.783e-07     1.07258e-09     1.05577e-14     1.41687e-13     2.96402e-13     7.57497e-10
           1.621     4.14792e-07     9.21175e-10     1.06539e-15      3.3603e-14     1.38741e-13     6.51899e-10
         1.71015     3.59652e-07     7.90364e-10     9.19361e-16     1.90409e-15     5.83152e-14     5.60366e-10
         1.80422     3.11738e-07     6.76486e-10     1.05006e-15     3.14909e-15     5.69921e-14     4.80265e-10
         1.90345     2.70161e-07     5.73301e-10      3.8713e-16     7.32299e-16     4.61171e-14     4.06796e-10
         2.00814     2.34071e-07     4.88548e-10      7.4263e-17     3.04402e-15     7.36464e-14     3.46842e-10
          2.1186     2.02807e-07     4.13802e-10     2.34753e-16     2.80346e-16     2.37341e-14     2.93597e-10
         2.23512     1.75651e-07     3.50726e-10     6.17962e-16     7.78309e-16     8.25613e-15     2.48715e-10
         2.35806     1.52153e-07      2.9827e-10       4.384e-16     3.23294e-15     7.74253e-17     2.11547e-10
         2.48776      1.3174e-07     2.52718e-10     6.39697e-17     2.36452e-15     5.15381e-15      1.7913e-10
         2.62459     1.14091e-07     2.16377e-10     3.44575e-16     1.13257e-16     2.48581e-16     1.53593e-10
         2.76895     9.87365e-08     1.82055e-10     1.07265e-15     1.74606e-15     4.24531e-16     1.28978e-10
         2.92124     8.54922e-08     1.56154e-10     3.63222e-16      1.6287e-16     5.34139e-16     1.10824e-10
         3.08192     7.39743e-08     1.32177e-10     1.24234e-18     6.46709e-18     3.67117e-16     9.37304e-11
         3.25143     6.40159e-08      1.1243e-10      9.1023e-17     1.93105e-17     7.16859e-17     7.97387e-11
         3.43026     5.53866e-08     9.56843e-11      6.0207e-18     4.98976e-18     1.83479e-17     6.78784e-11
         3.61894      4.7914e-08     8.12138e-11     1.82129e-18     1.15557e-17     7.38763e-17     5.75973e-11
         3.81798     4.14418e-08     6.90776e-11     6.57844e-18     1.36653e-20     1.10598e-16     4.89961e-11
         4.02798     3.58434e-08     5.87511e-11     8.89641e-18     3.25382e-18     1.60508e-18     4.16755e-11
         4.24953     3.09891e-08     4.98359e-11     1.03888e-17     1.18358e-17     2.38636e-18     3.53403e-11
         4.48326     2.68128e-08     4.28684e-11     8.54593e-16     6.82194e-16     4.60087e-18     3.04528e-11
         4.72985     2.31858e-08     3.62546e-11     1.25699e-15     3.17135e-17     3.38538e-16     2.57236e-11
            4.99     2.00405e-08     3.10649e-11     7.23673e-16     6.87346e-16     7.07508e-15     2.20732e-11
         5.26446     1.73204e-08     2.61078e-11     3.64554e-16     6.15121e-19     2.27483e-16     1.85089e-11
         5.55402     1.49662e-08     2.22279e-11     1.04177e-16     1.27672e-16     1.80915e-16     1.57626e-11
          5.8595     1.29325e-08     1.88185e-11     8.12697e-17     2.81455e-16     5.84475e-15     1.33333e-11
         6.18178     1.11706e-08     1.59777e-11     1.84484e-17     1.78436e-16     4.91618e-15     1.13184e-11
         6.52179     9.64993e-09     1.35882e-11     1.16225e-17     1.52893e-16     4.76636e-16      9.6259e-12
          6.8805      8.3352e-09     1.15097e-11     5.15869e-18     2.46594e-16     2.11328e-15     8.14946e-12
         7.25895     7.19738e-09     9.76733e-12      8.6031e-17       3.439e-16     9.82567e-16     6.91272e-12
          7.6582     6.21535e-09     8.37773e-12     4.60542e-17     7.66603e-18      3.7557e-16     5.93996e-12
         8.07942     5.36718e-09     7.12408e-12     6.08771e-19     8.91284e-19     7.12899e-16     5.05253e-12
          8.5238     4.63377e-09     5.98962e-12     3.02077e-17     2.51574e-16     2.78672e-16     4.23804e-12
         8.99263     3.99978e-09     5.15096e-12     4.08169e-17     3.71587e-20     4.89565e-17     3.65333e-12
         9.48724     3.45257e-09     4.36934e-12     1.40841e-17      3.6753e-18     1.98379e-17     3.09826e-12
         10.0091     2.98068e-09     3.72439e-12     1.97883e-19     3.30033e-20     9.28735e-18     2.64217e-12
         10.5596     2.57289e-09     3.16172e-12     1.99128e-21     1.64375e-18     8.53118e-18     2.24213e-12
         11.1404     2.22018e-09     2.67288e-12     4.39998e-18     2.72178e-17     4.14367e-17     1.89357e-12
         11.7531      1.9161e-09     2.28503e-12     5.69957e-18     5.42298e-19     1.75763e-19     1.62044e-12
         12.3996     1.65377e-09     1.94378e-12     1.88076e-18     4.92772e-19     4.95115e-18     1.37859e-12
         13.0816     1.42729e-09      1.6543e-12     9.70871e-21     1.11369e-19     2.46061e-18     1.17349e-12
         13.8011     1.23184e-09     1.40636e-12     1.02263e-20     6.39833e-20     2.46699e-18     9.97415e-13
         14.5602     1.06326e-09     1.19706e-12      1.4972e-21     2.51366e-20     1.98725e-18     8.49022e-13
          15.361     9.17842e-10     1.01914e-12      1.0452e-26     5.23606e-23     1.86285e-18     7.22874e-13
         16.2059     7.92415e-10     8.66858e-13     5.56568e-21     1.05653e-19     2.42794e-20      6.1477e-13
         17.0972     6.84224e-10      7.3747e-13     2.25046e-19     5.53848e-19      9.1103e-19     5.22918e-13
         18.0376        5.91e-10     6.29233e-13     1.10853e-19     8.93631e-22     1.62705e-19     4.46306e-13
         19.0297     5.10652e-10     5.36368e-13     1.16608e-20     1.58393e-20     9.25404e-20     3.80463e-13
