# The power spectrum definition is smaller than CAMB by a factor 8 pi^3.
#       k [h/Mpc]           P_cdm          P_vcdm         P_total
          0.0001     6.97842e-05     6.97842e-05     6.97842e-05
     0.000106333     7.40564e-05     7.40564e-05     7.40564e-05
     0.000113066     7.85899e-05     7.85899e-05     7.85899e-05
     0.000120226     8.34006e-05     8.34006e-05     8.34006e-05
      0.00012784     8.85054e-05     8.85054e-05     8.85054e-05
     0.000135936     9.39223e-05     9.39223e-05     9.39223e-05
     0.000144544     9.96702e-05     9.96702e-05     9.96702e-05
     0.000153697     0.000105769     0.000105769     0.000105769
     0.000163431     0.000112241     0.000112241     0.000112241
      0.00017378     0.000119107     0.000119107     0.000119107
     0.000184785     0.000126393     0.000126393     0.000126393
     0.000196487     0.000134123     0.000134123     0.000134123
      0.00020893     0.000142325     0.000142325     0.000142325
      0.00022216     0.000151026     0.000151026     0.000151026
     0.000236229     0.000160257     0.000160257     0.000160257
     0.000251189      0.00017005      0.00017005      0.00017005
     0.000267096     0.000180439     0.000180439     0.000180439
      0.00028401     0.000191458     0.000191458     0.000191458
     0.000301995     0.000203146     0.000203146     0.000203146
     0.000321119     0.000215543     0.000215543     0.000215543
     0.000341455      0.00022869      0.00022869      0.00022869
     0.000363078     0.000242633     0.000242633     0.000242633
     0.000386071     0.000257417     0.000257417     0.000257417
     0.000410519     0.000273092     0.000273092     0.000273092
     0.000436516      0.00028971      0.00028971      0.00028971
     0.000464159     0.000307325     0.000307325     0.000307325
     0.000493552     0.000325994     0.000325994     0.000325994
     0.000524807     0.000345779     0.000345779     0.000345779
     0.000558042     0.000366741     0.000366741     0.000366741
     0.000593381     0.000388946     0.000388946     0.000388946
     0.000630957     0.000412465     0.000412465     0.000412465
     0.000670914     0.000437367     0.000437367     0.000437367
       0.0007134     0.000463729     0.000463729     0.000463729
     0.000758578     0.000491628     0.000491628     0.000491628
     0.000806616     0.000521144     0.000521144     0.000521144
     0.000857696     0.000552361     0.000552361     0.000552361
     0.000912011     0.000585364     0.000585364     0.000585364
     0.000969765     0.000620241     0.000620241     0.000620241
      0.00103118     0.000657081     0.000657081     0.000657081
      0.00109648     0.000695977     0.000695977     0.000695977
      0.00116591      0.00073702      0.00073702      0.00073702
      0.00123975     0.000780304     0.000780304     0.000780304
      0.00131826     0.000825921     0.000825921     0.000825921
      0.00140174     0.000873965     0.000873965     0.000873965
       0.0014905     0.000924525     0.000924525     0.000924525
      0.00158489      0.00097769      0.00097769      0.00097769
      0.00168526      0.00103354      0.00103354      0.00103354
      0.00179198      0.00109217      0.00109217      0.00109217
      0.00190546      0.00115363      0.00115363      0.00115363
      0.00202613        0.001218        0.001218        0.001218
      0.00215443      0.00128534      0.00128534      0.00128534
      0.00229087      0.00135569      0.00135569      0.00135569
      0.00243594      0.00142907      0.00142907      0.00142907
       0.0025902      0.00150552      0.00150552      0.00150552
      0.00275423      0.00158502      0.00158502      0.00158502
      0.00292864      0.00166756      0.00166756      0.00166756
      0.00311411      0.00175309      0.00175309      0.00175309
      0.00331131      0.00184156      0.00184156      0.00184156
      0.00352101      0.00193287      0.00193287      0.00193287
      0.00374398       0.0020269       0.0020269       0.0020269
      0.00398107       0.0021235       0.0021235       0.0021235
      0.00423318      0.00222248      0.00222248      0.00222248
      0.00450125      0.00232361      0.00232361      0.00232361
       0.0047863      0.00242665      0.00242665      0.00242665
       0.0050894      0.00253129      0.00253129      0.00253129
       0.0054117      0.00263717      0.00263717      0.00263717
       0.0057544      0.00274392      0.00274392      0.00274392
      0.00611881       0.0028511       0.0028511       0.0028511
      0.00650629      0.00295822      0.00295822      0.00295822
      0.00691831      0.00306475      0.00306475      0.00306475
      0.00735642      0.00317009      0.00317009      0.00317009
      0.00782228      0.00327361      0.00327361      0.00327361
      0.00831764      0.00337461      0.00337461      0.00337461
      0.00884437      0.00347233      0.00347233      0.00347233
      0.00940445      0.00356596      0.00356596      0.00356596
            0.01      0.00365462      0.00365462      0.00365462
       0.0106333      0.00373739      0.00373739      0.00373739
       0.0113066      0.00381326      0.00381326      0.00381326
       0.0120226      0.00388117      0.00388117      0.00388117
        0.012784         0.00394         0.00394         0.00394
       0.0135936      0.00398858      0.00398858      0.00398858
       0.0144544      0.00402568      0.00402568      0.00402568
       0.0153697      0.00405008      0.00405008      0.00405008
       0.0163431      0.00406051      0.00406051      0.00406051
        0.017378      0.00405579      0.00405579      0.00405579
       0.0184785       0.0040348       0.0040348       0.0040348
       0.0196487      0.00399663      0.00399663      0.00399663
        0.020893      0.00394062      0.00394062      0.00394062
        0.022216       0.0038665       0.0038665       0.0038665
       0.0236229      0.00377453      0.00377453      0.00377453
       0.0251189      0.00366556      0.00366556      0.00366556
       0.0267096      0.00354114      0.00354114      0.00354114
        0.028401      0.00340351      0.00340351      0.00340351
       0.0301995      0.00325558      0.00325558      0.00325558
       0.0321119      0.00310074      0.00310074      0.00310074
       0.0341455      0.00294267      0.00294267      0.00294267
       0.0363078      0.00278507      0.00278507      0.00278507
       0.0386071      0.00263138      0.00263138      0.00263138
       0.0410519      0.00248458      0.00248458      0.00248458
       0.0436516      0.00234708      0.00234708      0.00234708
       0.0464159      0.00222061      0.00222061      0.00222061
       0.0493552      0.00210619      0.00210619      0.00210619
       0.0524807      0.00200399      0.00200399      0.00200399
       0.0558042      0.00191318      0.00191318      0.00191318
       0.0593381      0.00183159      0.00183159      0.00183159
       0.0630957      0.00175547      0.00175547      0.00175547
       0.0670914      0.00167941      0.00167941      0.00167941
         0.07134      0.00159697      0.00159697      0.00159697
       0.0758578      0.00150207      0.00150207      0.00150207
       0.0806616      0.00139124      0.00139124      0.00139124
       0.0857696      0.00126601      0.00126601      0.00126601
       0.0912011      0.00113394      0.00113394      0.00113394
       0.0969765      0.00100719      0.00100719      0.00100719
        0.103118     0.000898343     0.000898343     0.000898343
        0.109648     0.000815316     0.000815316     0.000815316
        0.116591     0.000757409     0.000757409     0.000757409
        0.123975     0.000714428     0.000714428     0.000714428
        0.131826     0.000670369     0.000670369     0.000670369
        0.140174     0.000612466     0.000612466     0.000612466
         0.14905     0.000541091     0.000541091     0.000541091
        0.158489     0.000470394     0.000470394     0.000470394
        0.168526     0.000416057     0.000416057     0.000416057
        0.179198     0.000381162     0.000381162     0.000381162
        0.190546     0.000353621     0.000353621     0.000353621
        0.202613     0.000319097     0.000319097     0.000319097
        0.215443     0.000278184     0.000278184     0.000278184
        0.229087     0.000243829     0.000243829     0.000243829
        0.243594     0.000220804     0.000220804     0.000220804
         0.25902     0.000199822     0.000199822     0.000199822
        0.275423      0.00017534      0.00017534      0.00017534
        0.292864     0.000154037     0.000154037     0.000154037
        0.311411     0.000138175     0.000138175     0.000138175
        0.331131     0.000122288     0.000122288     0.000122288
        0.352101     0.000107267     0.000107267     0.000107267
        0.374398     9.52527e-05     9.52527e-05     9.52527e-05
        0.398107     8.38397e-05     8.38397e-05     8.38397e-05
        0.423318     7.37561e-05     7.37561e-05     7.37561e-05
        0.450125     6.49948e-05     6.49948e-05     6.49948e-05
         0.47863     5.70272e-05     5.70272e-05     5.70272e-05
         0.50894     5.01109e-05     5.01109e-05     5.01109e-05
         0.54117     4.39153e-05     4.39153e-05     4.39153e-05
         0.57544     3.84862e-05     3.84862e-05     3.84862e-05
        0.611881     3.36801e-05     3.36801e-05     3.36801e-05
        0.650629     2.94498e-05     2.94498e-05     2.94498e-05
        0.691831     2.57305e-05     2.57305e-05     2.57305e-05
        0.735642     2.24582e-05     2.24582e-05     2.24582e-05
        0.782228     1.95856e-05     1.95856e-05     1.95856e-05
        0.831764     1.70669e-05     1.70669e-05     1.70669e-05
        0.884437     1.48599e-05     1.48599e-05     1.48599e-05
        0.940445     1.29278e-05     1.29278e-05     1.29278e-05
               1      1.1238e-05      1.1238e-05      1.1238e-05
         1.06333     9.76171e-06     9.76171e-06     9.76171e-06
         1.13066     8.47296e-06     8.47296e-06     8.47296e-06
         1.20226     7.34897e-06     7.34897e-06     7.34897e-06
          1.2784     6.36957e-06     6.36957e-06     6.36957e-06
         1.35936     5.51688e-06     5.51688e-06     5.51688e-06
         1.44544     4.77501e-06     4.77501e-06     4.77501e-06
         1.53697     4.13017e-06     4.13017e-06     4.13017e-06
         1.63431     3.57005e-06     3.57005e-06     3.57005e-06
          1.7378     3.08393e-06     3.08393e-06     3.08393e-06
         1.84785     2.66233e-06     2.66233e-06     2.66233e-06
         1.96487     2.29695e-06     2.29695e-06     2.29695e-06
          2.0893     1.98053e-06     1.98053e-06     1.98053e-06
          2.2216     1.70669e-06     1.70669e-06     1.70669e-06
         2.36229     1.46987e-06     1.46987e-06     1.46987e-06
         2.51189      1.2652e-06      1.2652e-06      1.2652e-06
         2.67096     1.08844e-06     1.08844e-06     1.08844e-06
          2.8401     9.35861e-07     9.35861e-07     9.35861e-07
         3.01995     8.04251e-07     8.04251e-07     8.04251e-07
         3.21119     6.90795e-07     6.90795e-07     6.90795e-07
         3.41455     5.93045e-07     5.93045e-07     5.93045e-07
         3.63078     5.08878e-07     5.08878e-07     5.08878e-07
         3.86071     4.36446e-07     4.36446e-07     4.36446e-07
         4.10519     3.74148e-07     3.74148e-07     3.74148e-07
         4.36516     3.20596e-07     3.20596e-07     3.20596e-07
         4.64159     2.74585e-07     2.74585e-07     2.74585e-07
         4.93552     2.35074e-07     2.35074e-07     2.35074e-07
         5.24807     2.01163e-07     2.01163e-07     2.01163e-07
         5.58042     1.72071e-07     1.72071e-07     1.72071e-07
         5.93381     1.47127e-07     1.47127e-07     1.47127e-07
         6.30957     1.25748e-07     1.25748e-07     1.25748e-07
         6.70914     1.07434e-07     1.07434e-07     1.07434e-07
           7.134     9.17515e-08     9.17515e-08     9.17515e-08
         7.58578     7.83293e-08     7.83293e-08     7.83293e-08
         8.06616     6.68462e-08     6.68462e-08     6.68462e-08
         8.57696     5.70261e-08     5.70261e-08     5.70261e-08
         9.12011     4.86317e-08     4.86317e-08     4.86317e-08
         9.69765     4.14588e-08     4.14588e-08     4.14588e-08
         10.3118      3.5332e-08      3.5332e-08      3.5332e-08
         10.9648     3.01009e-08     3.01009e-08     3.01009e-08
         11.6591      2.5636e-08      2.5636e-08      2.5636e-08
         12.3975     2.18266e-08     2.18266e-08     2.18266e-08
         13.1826     1.85776e-08     1.85776e-08     1.85776e-08
         14.0174     1.58075e-08     1.58075e-08     1.58075e-08
          14.905     1.34465e-08     1.34465e-08     1.34465e-08
         15.8489     1.14349e-08     1.14349e-08     1.14349e-08
         16.8526     9.72152e-09     9.72152e-09     9.72152e-09
         17.9198     8.26258e-09     8.26258e-09     8.26258e-09
         19.0546     7.02071e-09     7.02071e-09     7.02071e-09
         20.2613     5.96393e-09     5.96393e-09     5.96393e-09
         21.5443     5.06491e-09     5.06491e-09     5.06491e-09
         22.9087     4.30033e-09     4.30033e-09     4.30033e-09
         24.3594     3.65027e-09     3.65027e-09     3.65027e-09
          25.902     3.09773e-09     3.09773e-09     3.09773e-09
         27.5423      2.6282e-09      2.6282e-09      2.6282e-09
         29.2864     2.22933e-09     2.22933e-09     2.22933e-09
         31.1411     1.89056e-09     1.89056e-09     1.89056e-09
         33.1131     1.60291e-09     1.60291e-09     1.60291e-09
         35.2101     1.35873e-09     1.35873e-09     1.35873e-09
         37.4398     1.15151e-09     1.15151e-09     1.15151e-09
         39.8107     9.75679e-10     9.75679e-10     9.75679e-10
         42.3318      8.2653e-10      8.2653e-10      8.2653e-10
         45.0125     7.00039e-10     7.00039e-10     7.00039e-10
          47.863     5.92789e-10     5.92789e-10     5.92789e-10
          50.894     5.01873e-10     5.01873e-10     5.01873e-10
          54.117      4.2482e-10      4.2482e-10      4.2482e-10
          57.544     3.59529e-10     3.59529e-10     3.59529e-10
         61.1881     3.04218e-10     3.04218e-10     3.04218e-10
         65.0629     2.57369e-10     2.57369e-10     2.57369e-10
         69.1831     2.17696e-10     2.17696e-10     2.17696e-10
         73.5642     1.84107e-10     1.84107e-10     1.84107e-10
         78.2228     1.55674e-10     1.55674e-10     1.55674e-10
         83.1764      1.3161e-10      1.3161e-10      1.3161e-10
         88.4437     1.11248e-10     1.11248e-10     1.11248e-10
         94.0445     9.40206e-11     9.40206e-11     9.40206e-11
             100     7.94484e-11     7.94484e-11     7.94484e-11
         106.333     6.71244e-11     6.71244e-11     6.71244e-11
         113.066     5.67033e-11     5.67033e-11     5.67033e-11
         120.226     4.78929e-11     4.78929e-11     4.78929e-11
          127.84     4.04455e-11     4.04455e-11     4.04455e-11
         135.936     3.41511e-11     3.41511e-11     3.41511e-11
         144.544     2.88322e-11     2.88322e-11     2.88322e-11
         153.697     2.43383e-11     2.43383e-11     2.43383e-11
         163.431      2.0542e-11      2.0542e-11      2.0542e-11
          173.78     1.73354e-11     1.73354e-11     1.73354e-11
         184.785     1.46275e-11     1.46275e-11     1.46275e-11
         196.487     1.23409e-11     1.23409e-11     1.23409e-11
          208.93     1.04104e-11     1.04104e-11     1.04104e-11
          222.16     8.78076e-12     8.78076e-12     8.78076e-12
         236.229     7.40531e-12     7.40531e-12     7.40531e-12
         251.189     6.24453e-12     6.24453e-12     6.24453e-12
         267.096     5.26507e-12     5.26507e-12     5.26507e-12
          284.01      4.4387e-12      4.4387e-12      4.4387e-12
         301.995     3.74159e-12     3.74159e-12     3.74159e-12
         321.119      3.1536e-12      3.1536e-12      3.1536e-12
         341.455     2.65771e-12     2.65771e-12     2.65771e-12
         363.078     2.23954e-12     2.23954e-12     2.23954e-12
         386.071     1.88696e-12     1.88696e-12     1.88696e-12
         410.519     1.58971e-12     1.58971e-12     1.58971e-12
         436.516     1.33914e-12     1.33914e-12     1.33914e-12
         464.159     1.12794e-12     1.12794e-12     1.12794e-12
         493.552     9.49959e-13     9.49959e-13     9.49959e-13
         524.807     7.99975e-13     7.99975e-13     7.99975e-13
         558.042     6.73603e-13     6.73603e-13     6.73603e-13
         593.381     5.67137e-13     5.67137e-13     5.67137e-13
         630.957     4.77451e-13     4.77451e-13     4.77451e-13
         670.914     4.01909e-13     4.01909e-13     4.01909e-13
           713.4     3.38286e-13     3.38286e-13     3.38286e-13
         758.578     2.84708e-13     2.84708e-13     2.84708e-13
         806.616     2.39593e-13     2.39593e-13     2.39593e-13
         857.696     2.01609e-13     2.01609e-13     2.01609e-13
         912.011     1.69631e-13     1.69631e-13     1.69631e-13
         969.765     1.42712e-13     1.42712e-13     1.42712e-13
         1031.18     1.20054e-13     1.20054e-13     1.20054e-13
         1096.48     1.00985e-13     1.00985e-13     1.00985e-13
         1165.91     8.49373e-14     8.49373e-14     8.49373e-14
         1239.75     7.14337e-14     7.14337e-14     7.14337e-14
         1318.26     6.00719e-14     6.00719e-14     6.00719e-14
         1401.74      5.0513e-14      5.0513e-14      5.0513e-14
          1490.5     4.24717e-14     4.24717e-14     4.24717e-14
         1584.89     3.57076e-14     3.57076e-14     3.57076e-14
         1685.26     3.00184e-14     3.00184e-14     3.00184e-14
         1791.98     2.52336e-14     2.52336e-14     2.52336e-14
         1905.46     2.12098e-14     2.12098e-14     2.12098e-14
         2026.13     1.78263e-14     1.78263e-14     1.78263e-14
         2154.43     1.49814e-14     1.49814e-14     1.49814e-14
         2290.87     1.25896e-14     1.25896e-14     1.25896e-14
         2435.94     1.05789e-14     1.05789e-14     1.05789e-14
          2590.2     8.88861e-15     8.88861e-15     8.88861e-15
         2754.23     7.46788e-15     7.46788e-15     7.46788e-15
         2928.64     6.27378e-15     6.27378e-15     6.27378e-15
         3114.11     5.27024e-15     5.27024e-15     5.27024e-15
         3311.31     4.42692e-15     4.42692e-15     4.42692e-15
         3521.01     3.71829e-15     3.71829e-15     3.71829e-15
         3743.98     3.12287e-15     3.12287e-15     3.12287e-15
         3981.07     2.62263e-15     2.62263e-15     2.62263e-15
         4233.18     2.20236e-15     2.20236e-15     2.20236e-15
         4501.25     1.84933e-15     1.84933e-15     1.84933e-15
          4786.3     1.55278e-15     1.55278e-15     1.55278e-15
          5089.4      1.3037e-15      1.3037e-15      1.3037e-15
          5411.7     1.09451e-15     1.09451e-15     1.09451e-15
          5754.4     9.18821e-16     9.18821e-16     9.18821e-16
         6118.81     7.71289e-16     7.71289e-16     7.71289e-16
         6506.29     6.47405e-16     6.47405e-16     6.47405e-16
         6918.31     5.43386e-16     5.43386e-16     5.43386e-16
         7356.42     4.56053e-16     4.56053e-16     4.56053e-16
         7822.28     3.82733e-16     3.82733e-16     3.82733e-16
         8317.64     3.21181e-16     3.21181e-16     3.21181e-16
         8844.37     2.69513e-16     2.69513e-16     2.69513e-16
         9404.45     2.26144e-16     2.26144e-16     2.26144e-16
