# The power spectrum definition is smaller than CAMB by a factor 8 pi^3.
#      k [h/Mpc]           P_cdm          P_vcdm           P_bar          P_vbar         P_total        P_vtotal
     2.56989e-06     1.05482e-05     1.05049e-05     1.05482e-05     1.05049e-05     1.05486e-05     1.05049e-05
     2.70951e-06     1.10462e-05     1.10009e-05     1.10462e-05     1.10009e-05     1.10466e-05     1.10009e-05
     2.85671e-06     1.15677e-05     1.15203e-05     1.15677e-05     1.15203e-05     1.15681e-05     1.15203e-05
     3.01191e-06     1.21138e-05     1.20642e-05     1.21138e-05     1.20642e-05     1.21143e-05     1.20642e-05
     3.17554e-06     1.26858e-05     1.26338e-05     1.26858e-05     1.26338e-05     1.26863e-05     1.26338e-05
     3.34807e-06     1.32847e-05     1.32302e-05     1.32847e-05     1.32302e-05     1.32852e-05     1.32302e-05
     3.52996e-06     1.39119e-05     1.38549e-05     1.39119e-05     1.38549e-05     1.39124e-05     1.38549e-05
     3.72174e-06     1.45687e-05      1.4509e-05     1.45687e-05      1.4509e-05     1.45693e-05      1.4509e-05
     3.92393e-06     1.52566e-05      1.5194e-05     1.52566e-05      1.5194e-05     1.52571e-05      1.5194e-05
     4.13711e-06     1.59769e-05     1.59114e-05     1.59769e-05     1.59114e-05     1.59775e-05     1.59114e-05
     4.36188e-06     1.67312e-05     1.66626e-05     1.67312e-05     1.66626e-05     1.67318e-05     1.66626e-05
     4.59885e-06     1.75211e-05     1.74493e-05     1.75211e-05     1.74493e-05     1.75218e-05     1.74493e-05
      4.8487e-06     1.83483e-05     1.82731e-05     1.83483e-05     1.82731e-05      1.8349e-05     1.82731e-05
     5.11212e-06     1.92146e-05     1.91358e-05     1.92146e-05     1.91358e-05     1.92153e-05     1.91358e-05
     5.38985e-06     2.01218e-05     2.00393e-05     2.01218e-05     2.00393e-05     2.01226e-05     2.00393e-05
     5.68268e-06     2.10718e-05     2.09854e-05     2.10718e-05     2.09854e-05     2.10726e-05     2.09854e-05
     5.99141e-06     2.20667e-05     2.19762e-05     2.20667e-05     2.19762e-05     2.20675e-05     2.19762e-05
     6.31691e-06     2.31085e-05     2.30137e-05     2.31085e-05     2.30137e-05     2.31094e-05     2.30137e-05
      6.6601e-06     2.41995e-05     2.41003e-05     2.41995e-05     2.41003e-05     2.42004e-05     2.41003e-05
     7.02193e-06     2.53421e-05     2.52381e-05     2.53421e-05     2.52381e-05      2.5343e-05     2.52381e-05
     7.40342e-06     2.65385e-05     2.64297e-05     2.65385e-05     2.64297e-05     2.65395e-05     2.64297e-05
     7.80563e-06     2.77915e-05     2.76775e-05     2.77915e-05     2.76775e-05     2.77925e-05     2.76775e-05
      8.2297e-06     2.91036e-05     2.89843e-05     2.91036e-05     2.89843e-05     2.91047e-05     2.89843e-05
     8.67681e-06     3.04777e-05     3.03527e-05     3.04777e-05     3.03527e-05     3.04788e-05     3.03527e-05
     9.14821e-06     3.19166e-05     3.17857e-05     3.19166e-05     3.17857e-05     3.19178e-05     3.17857e-05
     9.64521e-06     3.34235e-05     3.32864e-05     3.34235e-05     3.32864e-05     3.34247e-05     3.32864e-05
     1.01692e-05     3.50015e-05      3.4858e-05     3.50015e-05      3.4858e-05     3.50028e-05      3.4858e-05
     1.07217e-05      3.6654e-05     3.65037e-05      3.6654e-05     3.65037e-05     3.66554e-05     3.65037e-05
     1.13042e-05     3.83846e-05     3.82272e-05     3.83846e-05     3.82272e-05      3.8386e-05     3.82272e-05
     1.19183e-05     4.01968e-05      4.0032e-05     4.01968e-05      4.0032e-05     4.01983e-05      4.0032e-05
     1.25658e-05     4.20946e-05      4.1922e-05     4.20946e-05      4.1922e-05     4.20962e-05      4.1922e-05
     1.32485e-05      4.4082e-05     4.39013e-05      4.4082e-05     4.39013e-05     4.40837e-05     4.39013e-05
     1.39683e-05     4.61633e-05      4.5974e-05     4.61633e-05      4.5974e-05      4.6165e-05      4.5974e-05
     1.47272e-05     4.83428e-05     4.81445e-05     4.83428e-05     4.81445e-05     4.83446e-05     4.81445e-05
     1.55273e-05     5.06252e-05     5.04176e-05     5.06252e-05     5.04176e-05      5.0627e-05     5.04176e-05
     1.63708e-05     5.30153e-05     5.27979e-05     5.30153e-05     5.27979e-05     5.30173e-05     5.27979e-05
     1.72602e-05     5.55183e-05     5.52907e-05     5.55183e-05     5.52907e-05     5.55204e-05     5.52907e-05
     1.81979e-05     5.81395e-05     5.79011e-05     5.81395e-05     5.79011e-05     5.81417e-05     5.79011e-05
     1.91866e-05     6.08844e-05     6.06348e-05     6.08844e-05     6.06348e-05     6.08867e-05     6.06348e-05
      2.0229e-05      6.3759e-05     6.34975e-05      6.3759e-05     6.34975e-05     6.37613e-05     6.34975e-05
      2.1328e-05     6.67692e-05     6.64954e-05     6.67692e-05     6.64954e-05     6.67717e-05     6.64954e-05
     2.24867e-05     6.99216e-05     6.96349e-05     6.99216e-05     6.96349e-05     6.99242e-05     6.96349e-05
     2.37084e-05     7.32228e-05     7.29225e-05     7.32228e-05     7.29225e-05     7.32255e-05     7.29225e-05
     2.49964e-05     7.66798e-05     7.63654e-05     7.66798e-05     7.63654e-05     7.66827e-05     7.63654e-05
     2.63544e-05     8.03001e-05     7.99708e-05     8.03001e-05     7.99708e-05     8.03031e-05     7.99708e-05
     2.77862e-05     8.40913e-05     8.37465e-05     8.40913e-05     8.37465e-05     8.40944e-05     8.37465e-05
     2.92958e-05     8.80615e-05     8.77004e-05     8.80615e-05     8.77004e-05     8.80648e-05     8.77004e-05
     3.08874e-05     9.22191e-05      9.1841e-05     9.22191e-05      9.1841e-05     9.22226e-05      9.1841e-05
     3.25655e-05     9.65731e-05     9.61771e-05     9.65731e-05     9.61771e-05     9.65767e-05     9.61771e-05
     3.43347e-05     0.000101133     0.000100718     0.000101133     0.000100718     0.000101136     0.000100718
        3.62e-05     0.000105907     0.000105473     0.000105907     0.000105473     0.000105911     0.000105473
     3.81667e-05     0.000110908     0.000110453     0.000110908     0.000110453     0.000110912     0.000110453
     4.02403e-05     0.000116144     0.000115668     0.000116144     0.000115668     0.000116148     0.000115668
     4.24265e-05     0.000121627     0.000121129     0.000121627     0.000121129     0.000121632     0.000121129
     4.47314e-05      0.00012737     0.000126847      0.00012737     0.000126847     0.000127374     0.000126847
     4.71616e-05     0.000133383     0.000132836     0.000133383     0.000132836     0.000133388     0.000132836
     4.97238e-05     0.000139681     0.000139108     0.000139681     0.000139108     0.000139686     0.000139108
     5.24252e-05     0.000146275     0.000145675     0.000146275     0.000145673     0.000146281     0.000145675
     5.52734e-05     0.000153181     0.000152551     0.000153181      0.00015255     0.000153187     0.000152551
     5.82763e-05     0.000160413     0.000159753     0.000160413     0.000159753     0.000160419     0.000159753
     6.14424e-05     0.000167987     0.000167295     0.000167987     0.000167295     0.000167993     0.000167295
     6.47804e-05     0.000175918     0.000175194     0.000175918     0.000175194     0.000175925     0.000175194
     6.82998e-05     0.000184224     0.000183465     0.000184224     0.000183465     0.000184231     0.000183465
     7.20105e-05     0.000192922     0.000192127     0.000192922     0.000192127     0.000192929     0.000192127
     7.59227e-05      0.00020203     0.000201198      0.00020203     0.000201198     0.000202037     0.000201198
     8.00474e-05     0.000211568     0.000210697     0.000211564     0.000210697     0.000211572     0.000210697
     8.43963e-05     0.000221557     0.000220644     0.000221553     0.000220644     0.000221561     0.000220644
     8.89814e-05     0.000232017     0.000231062     0.000232013     0.000231062     0.000232022     0.000231062
     9.38156e-05     0.000242972     0.000241971     0.000242967     0.000241971     0.000242976     0.000241971
     9.89124e-05     0.000254438     0.000253395     0.000254438     0.000253395     0.000254448     0.000253395
     0.000104286     0.000266451     0.000265358     0.000266451     0.000265358     0.000266461     0.000265358
     0.000109952     0.000279031     0.000277887     0.000279031     0.000277881     0.000279041     0.000277886
     0.000115925     0.000292205     0.000291007     0.000292205     0.000291001     0.000292216     0.000291007
     0.000122223     0.000306001      0.00030474     0.000305995      0.00030474     0.000306012      0.00030474
     0.000128864     0.000320448     0.000319128     0.000320442     0.000319128     0.000320459     0.000319128
     0.000135865     0.000335577     0.000334195     0.000335571     0.000334195     0.000335583     0.000334195
     0.000143246     0.000351418     0.000349973     0.000351415     0.000349974     0.000351427     0.000349973
     0.000151028     0.000368005     0.000366496     0.000367999      0.00036649     0.000368019     0.000366496
     0.000159233      0.00038538     0.000383792     0.000385373     0.000383793     0.000385394     0.000383792
     0.000167884     0.000403575     0.000401913     0.000403568     0.000401912     0.000403582     0.000401913
     0.000177005     0.000422629     0.000420888     0.000422613      0.00042088     0.000422637     0.000420887
     0.000186621     0.000442574      0.00044076     0.000442566     0.000440751      0.00044259     0.000440759
      0.00019676     0.000463469      0.00046156     0.000463451     0.000461558     0.000463477      0.00046156
      0.00020745     0.000485351     0.000483352     0.000485333     0.000483343      0.00048536     0.000483351
      0.00021872     0.000508257     0.000506162     0.000508237     0.000506164      0.00050827     0.000506162
     0.000230603     0.000532251     0.000530061     0.000532222      0.00053005     0.000532262      0.00053006
     0.000243131     0.000557372     0.000555075     0.000557351     0.000555066     0.000557383     0.000555074
      0.00025634     0.000583681     0.000581283     0.000583656     0.000581272     0.000583699     0.000581282
     0.000270267     0.000611233     0.000608715       0.0006112     0.000608704     0.000611244     0.000608714
      0.00028495     0.000640079     0.000637444     0.000640044      0.00063743     0.000640093     0.000637443
     0.000300431     0.000670293     0.000667532     0.000670243     0.000667513     0.000670305      0.00066753
     0.000316753     0.000701931      0.00069904     0.000701867     0.000699016     0.000701944     0.000699037
     0.000333962     0.000735048      0.00073202     0.000734992     0.000732005     0.000735062     0.000732018
     0.000352105     0.000769743     0.000766562     0.000769674     0.000766546     0.000769757      0.00076656
     0.000371234     0.000806061      0.00080274     0.000805986      0.00080271     0.000806075     0.000802737
     0.000391403     0.000844103     0.000840611     0.000843997     0.000840583     0.000844106     0.000840609
     0.000412667     0.000883934      0.00088028     0.000883819     0.000880243      0.00088393     0.000880276
     0.000435087     0.000925637     0.000921806     0.000925499     0.000921754     0.000925636     0.000921801
     0.000458724     0.000969304     0.000965297     0.000969146     0.000965245      0.00096931     0.000965292
     0.000483646      0.00101502      0.00101083      0.00101483      0.00101077      0.00101502      0.00101082
     0.000509922      0.00106289      0.00105851       0.0010627      0.00105843      0.00106289      0.00105851
     0.000537625      0.00111304      0.00110843      0.00111278      0.00110833      0.00111302      0.00110842
     0.000566833      0.00116551      0.00116069      0.00116523      0.00116058      0.00116551      0.00116068
     0.000597628      0.00122048      0.00121543      0.00122014      0.00121529      0.00122046      0.00121541
     0.000630097      0.00127801      0.00127271      0.00127762      0.00127257      0.00127799       0.0012727
     0.000664329      0.00133826       0.0013327       0.0013378      0.00133252      0.00133821      0.00133268
     0.000700421      0.00140133       0.0013955      0.00140081      0.00139529      0.00140128      0.00139548
     0.000738473      0.00146736      0.00146124      0.00146674      0.00146103      0.00146729      0.00146122
     0.000778593      0.00153649      0.00153008      0.00153578      0.00152982      0.00153641      0.00153006
     0.000820893      0.00160886      0.00160213      0.00160802      0.00160181      0.00160876       0.0016021
     0.000865491       0.0016846      0.00167757      0.00168363      0.00167719      0.00168447      0.00167753
     0.000912511       0.0017639       0.0017565      0.00176276      0.00175607      0.00176374      0.00175646
     0.000962087      0.00184688      0.00183913      0.00184558      0.00183866      0.00184671      0.00183909
      0.00101436      0.00193378      0.00192562      0.00193223      0.00192505      0.00193356      0.00192556
      0.00106946      0.00202467      0.00201614       0.0020229      0.00201546      0.00202444      0.00201607
      0.00112757      0.00211985      0.00211088      0.00211775       0.0021101      0.00211954       0.0021108
      0.00118882      0.00221939         0.00221      0.00221699      0.00220907      0.00221905      0.00220991
      0.00125341       0.0023236      0.00231372      0.00232079      0.00231264      0.00232317      0.00231361
      0.00132151      0.00243259      0.00242221      0.00242933      0.00242099      0.00243211      0.00242209
       0.0013933      0.00254667      0.00253572      0.00254283      0.00253429      0.00254606      0.00253558
        0.001469      0.00266594      0.00265444      0.00266153      0.00265276      0.00266524      0.00265427
      0.00154881      0.00279072      0.00277863      0.00278555      0.00277669      0.00278989      0.00277844
      0.00163295      0.00292122      0.00290845      0.00291519      0.00290621      0.00292024      0.00290823
      0.00172167      0.00305763      0.00304421      0.00305065      0.00304161       0.0030565      0.00304396
       0.0018152      0.00320028      0.00318611       0.0031922      0.00318308      0.00319893      0.00318581
      0.00191382      0.00334937      0.00333447      0.00333995      0.00333089       0.0033478      0.00333412
      0.00201779       0.0035052      0.00348942      0.00349423      0.00348527      0.00350339      0.00348901
      0.00212742      0.00366802      0.00365136       0.0036552      0.00364654      0.00366587      0.00365089
        0.002243      0.00383806      0.00382041      0.00382316       0.0038148      0.00383547      0.00381986
      0.00236485      0.00401564      0.00399694      0.00399831      0.00399041      0.00401266      0.00399629
      0.00249333      0.00420097      0.00418119      0.00418082      0.00417361      0.00419753      0.00418045
      0.00262879      0.00439438      0.00437338      0.00437098      0.00436457      0.00439033      0.00437251
      0.00277161      0.00459617       0.0045738      0.00456894      0.00456361      0.00459141       0.0045728
      0.00292219      0.00480655      0.00478281      0.00477491      0.00477088      0.00480099      0.00478164
      0.00308094      0.00502578       0.0050005      0.00498904      0.00498667      0.00501936      0.00499914
      0.00324833      0.00525414      0.00522706      0.00521139      0.00521104      0.00524665      0.00522549
       0.0034248      0.00549181       0.0054629      0.00544218      0.00544427      0.00548316      0.00546107
      0.00361087      0.00573921      0.00570812      0.00568145      0.00568641      0.00572898      0.00570598
      0.00380704      0.00599621      0.00596288      0.00592931      0.00593772      0.00598443      0.00596041
      0.00401387      0.00626323       0.0062273      0.00618549      0.00619818      0.00624949      0.00622444
      0.00423194      0.00654041      0.00650154      0.00645011       0.0064677      0.00652442      0.00649821
      0.00446185       0.0068276       0.0067856      0.00672289      0.00674634      0.00680907      0.00678174
      0.00470426      0.00712515       0.0070795      0.00700354      0.00703398      0.00710353      0.00707502
      0.00495983      0.00743281      0.00738297      0.00729184      0.00733031       0.0074077      0.00737779
      0.00522929      0.00775064      0.00769621      0.00758721      0.00763517      0.00772142       0.0076902
      0.00551339      0.00807833      0.00801871      0.00788901      0.00794798       0.0080444      0.00801174
      0.00581292      0.00841563      0.00835011      0.00819644      0.00826834      0.00837654      0.00834205
      0.00612873      0.00876241      0.00868997      0.00850867      0.00859555      0.00871702      0.00868067
      0.00646169      0.00911803      0.00903773      0.00882457      0.00892861      0.00906526      0.00902698
      0.00681275      0.00948177      0.00939253      0.00914257      0.00926674      0.00942077      0.00938013
      0.00718287      0.00985297      0.00975329      0.00946121      0.00960834      0.00978241      0.00973899
       0.0075731       0.0102307       0.0101192       0.0097787      0.00995215       0.0101492       0.0101027
      0.00798454        0.010614       0.0104887       0.0100928       0.0102965       0.0105198       0.0104697
      0.00841833       0.0110015       0.0108602       0.0104012       0.0106394       0.0108928       0.0108384
      0.00887568       0.0113917        0.011232       0.0107011       0.0109786       0.0112664        0.011207
      0.00935788        0.011783       0.0116019       0.0109893       0.0113116       0.0116386       0.0115732
      0.00986628       0.0121735       0.0119677       0.0112627       0.0116356       0.0120073       0.0119349
       0.0104023        0.012561       0.0123268       0.0115173       0.0119476       0.0123701       0.0122893
       0.0109674       0.0129434       0.0126765       0.0117494       0.0122442       0.0127244       0.0126337
       0.0115633       0.0133182       0.0130138       0.0119546       0.0125219       0.0130672        0.012965
       0.0121915       0.0136827       0.0133353       0.0121284        0.012777       0.0133956       0.0132799
       0.0128538       0.0140342       0.0136379       0.0122661       0.0130055       0.0137063        0.013575
       0.0135522       0.0143699        0.013918       0.0123631       0.0132037        0.013996        0.013847
       0.0142884       0.0146866       0.0141723       0.0124145       0.0133674       0.0142612       0.0140922
       0.0150647       0.0149812       0.0143972       0.0124156        0.013493       0.0144982       0.0143071
       0.0158831       0.0152509       0.0145896       0.0123622       0.0135767       0.0147037       0.0144885
        0.016746       0.0154922       0.0147462       0.0122501       0.0136154       0.0148739       0.0146331
       0.0176558       0.0157023       0.0148643       0.0120758       0.0136061       0.0150055       0.0147382
        0.018615        0.015878       0.0149411       0.0118366       0.0135463       0.0150949        0.014801
       0.0196264       0.0160164       0.0149745       0.0115306       0.0134343        0.015139       0.0148194
       0.0206926       0.0161143       0.0149622        0.011157       0.0132688       0.0151346       0.0147913
       0.0218168       0.0161688       0.0149027       0.0107165       0.0130491        0.015079       0.0147151
       0.0230021       0.0161772       0.0147944       0.0102112       0.0127752       0.0149693       0.0145894
       0.0242518       0.0161367       0.0146359      0.00964497        0.012448       0.0148037        0.014413
       0.0255693       0.0160447        0.014426      0.00902396       0.0120689       0.0145804        0.014185
       0.0269585        0.015899       0.0141637      0.00835618       0.0116403       0.0142985       0.0139047
       0.0284231       0.0156979       0.0138484      0.00765199       0.0111657       0.0139578       0.0135719
       0.0299673       0.0154402       0.0134803        0.006924       0.0106499       0.0135595       0.0131873
       0.0315953       0.0151258       0.0130603      0.00618655       0.0100991       0.0131058       0.0127524
       0.0333119       0.0147551       0.0125907      0.00545546      0.00952103       0.0126003         0.01227
       0.0351216         0.01433       0.0120754      0.00474726      0.00892503       0.0120484       0.0117447
       0.0370297       0.0138537       0.0115197      0.00407816      0.00832183       0.0114566       0.0111824
       0.0390415       0.0133304       0.0109306        0.003463      0.00772294        0.010833       0.0105907
       0.0411626       0.0127654        0.010316      0.00291416       0.0071401       0.0101868        0.009978
       0.0433989       0.0121653      0.00968481      0.00244064      0.00658446      0.00952767      0.00935365
       0.0457566       0.0115376      0.00904642      0.00204766       0.0060662      0.00886608      0.00872719
       0.0482425       0.0108904      0.00840997      0.00173653       0.0055936      0.00821209      0.00810779
       0.0508635       0.0102323      0.00778421      0.00150519      0.00517236      0.00757511      0.00750391
       0.0536268      0.00957174        0.007177      0.00134936      0.00480528       0.0069631      0.00692287
       0.0565403      0.00891661      0.00659468      0.00126348      0.00449173      0.00638196      0.00637014
        0.059612      0.00827362      0.00604165      0.00124147      0.00422713      0.00583516      0.00584898
       0.0628506      0.00764813      0.00551991      0.00127605      0.00400263      0.00532313      0.00535999
       0.0662652      0.00704337      0.00502853      0.00135679      0.00380445      0.00484343      0.00490066
       0.0698653      0.00646057      0.00456397      0.00146684      0.00361453      0.00439071      0.00446575
       0.0736609      0.00589908      0.00412095      0.00158003      0.00341167      0.00395774      0.00404827
       0.0776628       0.0053567      0.00369309      0.00166072       0.0031745      0.00353639      0.00364038
       0.0818821      0.00483038      0.00327423       0.0016692      0.00288546      0.00311949      0.00323493
       0.0863306      0.00431749      0.00286007       0.0015733      0.00253653      0.00270284      0.00282741
       0.0910208      0.00381693      0.00245027       0.0013635      0.00213488      0.00228738      0.00241831
       0.0959658      0.00333039      0.00204957      0.00106409      0.00170461      0.00188036      0.00201425
        0.101179      0.00286276       0.0016675     0.000730977      0.00128285      0.00149476      0.00162746
        0.106676       0.0024222       0.0013172     0.000432055     0.000909878       0.0011468      0.00127383
        0.112472      0.00201827      0.00101171     0.000217145     0.000615779      0.00085122     0.000968461
        0.118582      0.00166002     0.000760247     9.68874e-05     0.000411119     0.000616816     0.000721212
        0.125025      0.00135335     0.000565331     4.75377e-05     0.000286898     0.000443652     0.000533819
        0.131817       0.0010989     0.000421914        3.86e-05      0.00022266     0.000323341     0.000399531
        0.138979     0.000892156     0.000319469      5.5391e-05     0.000195562     0.000242425      0.00030595
        0.146529     0.000724357     0.000245022     9.09967e-05     0.000183182     0.000186114     0.000238546
         0.15449     0.000585137      0.00018649     0.000122463     0.000164134     0.000141638     0.000184229
        0.162883     0.000465822     0.000135805     0.000116001     0.000125509     0.000101198     0.000134775
        0.171732     0.000361854     9.07609e-05     6.78688e-05     7.35943e-05     6.38282e-05     8.89939e-05
        0.181062     0.000273324     5.40936e-05      1.8189e-05     2.96683e-05      3.3834e-05     5.13702e-05
        0.190899     0.000202674     2.91177e-05     3.45524e-07     7.61879e-06     1.51005e-05     2.63888e-05
         0.20127     0.000151052     1.55444e-05     1.21963e-06     1.88473e-06     6.55428e-06     1.36164e-05
        0.212205     0.000116068     9.67617e-06      8.5957e-08     2.05119e-06     3.83996e-06     8.67702e-06
        0.223733     9.23586e-05     7.39108e-06     3.23433e-06     4.74045e-06     3.34105e-06     7.10457e-06
        0.235888     7.40713e-05     5.71036e-06     9.32534e-06       6.007e-06     2.84203e-06     5.73918e-06
        0.248704     5.77212e-05     3.41531e-06     4.93929e-06     2.75513e-06     1.47369e-06     3.34728e-06
        0.262216     4.34307e-05     1.35361e-06     1.53576e-08     1.14478e-07      2.8899e-07      1.1715e-06
        0.276461     3.29615e-05      4.4028e-07     1.28688e-06     1.52116e-07     6.91968e-09     3.13579e-07
        0.291481     2.66351e-05     2.99535e-07     2.66854e-07     4.60335e-09      6.8212e-09     2.36936e-07
        0.307317     2.26466e-05     3.92984e-07     5.74045e-07     3.01762e-07     7.84902e-08     3.83485e-07
        0.324013     1.88874e-05     3.19674e-07     7.32177e-07     2.53394e-07     7.05682e-08     3.12819e-07
        0.341616     1.50609e-05     1.09658e-07     1.51474e-08     3.92026e-09     9.25401e-10     8.55272e-08
        0.360175     1.22222e-05     3.76546e-08     2.63135e-07      6.1287e-08     6.41061e-09      2.2693e-08
        0.379743     1.05529e-05     6.07863e-08     6.64762e-09     6.35369e-09     8.48173e-10     5.29699e-08
        0.400374     9.12841e-06     7.24038e-08     1.16729e-07     3.51358e-08     6.72928e-09     6.81501e-08
        0.422125     7.57855e-06     3.07628e-08     7.05202e-09     2.74873e-09      9.3139e-11     2.34097e-08
        0.445059     6.39544e-06     1.84607e-08     2.43173e-08      5.5628e-09     8.84144e-10     1.32674e-08
        0.469238      5.5879e-06     2.74371e-08     1.38171e-08     4.73049e-09     6.39063e-10     2.43737e-08
        0.494731     4.77742e-06     1.93448e-08     5.20577e-10     6.66344e-11     4.75404e-11     1.59256e-08
        0.521609     4.06397e-06      1.1848e-08     4.68349e-09     1.18044e-09     1.75617e-10     8.98186e-09
        0.549947     3.53458e-06     1.35375e-08     1.80223e-09     5.95315e-10     7.52213e-11      1.1516e-08
        0.579825     3.03793e-06     1.00047e-08     2.47675e-11      1.8047e-11     3.80667e-15     8.05969e-09
        0.611326     2.61598e-06     7.97299e-09     1.24146e-10     2.18643e-11     4.81048e-12     6.40888e-09
        0.644538     2.26678e-06     7.38058e-09     1.64386e-10     4.19101e-11     6.70787e-12     6.09999e-09
        0.679555     1.95305e-06     5.65439e-09     7.67704e-11     2.09316e-11     2.82114e-12     4.53669e-09
        0.716474     1.69118e-06     5.04409e-09     2.64913e-11     7.71279e-12     8.84574e-13     4.13628e-09
        0.755399     1.46076e-06     4.08683e-09     8.38922e-12     2.60428e-12     3.57078e-13     3.30466e-09
        0.796438     1.26404e-06     3.51214e-09     2.06827e-12     6.32096e-13     8.00185e-14     2.86317e-09
        0.839708     1.09325e-06     2.93192e-09     1.28478e-14     9.94758e-16     6.02471e-15     2.38068e-09
        0.885328     9.45952e-07      2.4815e-09      1.8823e-14     4.50419e-15     4.35085e-15     2.01762e-09
        0.933426     8.18537e-07     2.09771e-09     1.36294e-15     4.92152e-17     1.37182e-17     1.70542e-09
        0.984138     7.08368e-07     1.77889e-09     4.87028e-16     3.62266e-15     5.16606e-15     1.44683e-09
          1.0376     6.13073e-07     1.51069e-09     1.41236e-14     2.64341e-14     1.18442e-14     1.22941e-09
         1.09398     5.30576e-07     1.27703e-09     1.45486e-14     1.00123e-14     4.05109e-15     1.03911e-09
         1.15341     4.59044e-07     1.06794e-09     4.38568e-15     9.48982e-15     7.35503e-14     8.67874e-10
         1.21607     3.96961e-07      8.8545e-10     1.79382e-14     1.45016e-13     2.56037e-13     7.17922e-10
         1.28214     3.43184e-07     7.40667e-10     1.14358e-13     2.47626e-13      1.9245e-13     5.99824e-10
          1.3518     2.96722e-07      6.2346e-10      1.3275e-13     2.48054e-13     2.52238e-13      5.0472e-10
         1.42524     2.56561e-07      5.2394e-10      1.2221e-13      2.7114e-13     2.10765e-13       4.239e-10
         1.50267     2.21868e-07      4.4319e-10     1.08685e-13     2.35426e-13     2.46555e-13     3.58533e-10
         1.58431     1.91847e-07     3.72185e-10     1.02017e-13     2.83352e-13     2.38698e-13     3.00803e-10
         1.67038     1.65904e-07     3.16692e-10     6.36869e-14     2.01176e-13     2.35101e-13     2.56083e-10
         1.76113     1.43469e-07     2.69957e-10     3.54748e-14      1.3417e-13     1.73366e-13     2.18431e-10
         1.85681     1.24049e-07     2.31049e-10     6.59833e-15      5.8924e-14      1.0247e-13     1.87207e-10
         1.95768     1.07234e-07     1.98006e-10     6.67153e-16     2.06048e-14     5.43347e-14      1.6064e-10
         2.06404     9.26786e-08      1.6992e-10     2.01801e-17     1.23094e-15     3.56457e-14     1.38059e-10
         2.17618     8.00794e-08     1.45514e-10     6.71839e-16      5.3217e-16      2.5851e-16     1.18372e-10
          2.2944     6.91707e-08     1.23034e-10     1.70502e-16     2.19211e-16     1.44547e-15     1.00063e-10
         2.41906     5.97447e-08     1.04561e-10     1.27698e-16     7.88062e-16     6.15664e-15     8.50681e-11
         2.55048     5.15844e-08     8.82634e-11     4.15892e-17     5.81448e-17     9.76644e-15      7.1783e-11
         2.68904     4.45435e-08     7.46833e-11     1.05674e-16     9.23199e-16     1.26953e-15     6.07302e-11
         2.83513     3.84532e-08     6.31646e-11     1.78359e-16     7.93808e-16     6.37892e-17     5.13551e-11
         2.98916     3.31938e-08     5.33074e-11     7.03012e-17     1.07982e-15     4.21523e-16     4.33224e-11
         3.15156     2.86458e-08     4.54053e-11     1.25554e-17     2.36701e-16     3.79538e-16     3.69218e-11
         3.32278     2.47242e-08      3.8551e-11     1.74365e-16     1.33221e-16     2.17479e-16     3.13569e-11
          3.5033     2.13257e-08     3.23543e-11     2.67016e-16     4.58579e-16     2.36627e-16     2.62885e-11
         3.69363     1.84033e-08       2.774e-11     5.21804e-17     8.54944e-17     1.15997e-16     2.25693e-11
          3.8943     1.58702e-08     2.33474e-11      3.0032e-18      1.9859e-17     3.47842e-16     1.89812e-11
         4.10587     1.36888e-08     1.97985e-11       2.203e-17     4.60761e-18     2.26958e-17     1.60975e-11
         4.32893     1.18036e-08     1.67945e-11     8.47293e-19     3.06819e-18     2.47222e-17     1.36568e-11
         4.56412     1.01773e-08     1.42103e-11     6.75967e-19     4.04021e-19     5.42027e-17     1.15536e-11
         4.81208     8.77346e-09     1.20504e-11     3.03001e-18     2.40782e-19     1.61914e-17     9.79833e-12
         5.07351     7.56314e-09     1.02199e-11     1.99413e-18     2.64534e-18     1.65029e-17     8.31067e-12
         5.34914     6.51705e-09     8.62123e-12     2.39835e-18     6.37006e-18     4.41467e-18     7.00764e-12
         5.63975     5.62139e-09     7.46757e-12      2.8769e-16     4.48784e-16     1.96818e-16     6.08198e-12
         5.94615     4.84485e-09      6.2524e-12     3.63912e-16     9.05006e-18     1.09945e-15     5.08502e-12
          6.2692      4.1738e-09     5.31993e-12     2.04683e-16     4.48288e-17     3.48744e-16     4.32848e-12
         6.60979     3.59555e-09     4.46695e-12     1.16404e-16     6.42765e-18     8.21357e-17     3.63045e-12
         6.96889     3.09662e-09     3.78436e-12      3.5147e-17     6.50706e-17     1.11987e-18     3.07556e-12
          7.3475     2.66717e-09     3.22862e-12     2.99692e-17     1.93048e-19     1.02768e-16     2.62566e-12
         7.74668     2.29621e-09     2.70339e-12     3.52661e-18     6.06927e-17     8.51433e-20     2.19573e-12
         8.16754     1.97723e-09     2.30151e-12      1.4959e-18     1.86001e-17      3.7317e-16     1.87015e-12
         8.61127     1.70237e-09      1.9473e-12     4.67429e-18       1.548e-17     2.52556e-16     1.58229e-12
         9.07911     1.46522e-09     1.63257e-12     1.47655e-17     1.32169e-16     3.70323e-17     1.32486e-12
         9.57236     1.26123e-09     1.40853e-12     1.40303e-17     3.53628e-19     3.92216e-17      1.1454e-12
         10.0924     1.08569e-09     1.19481e-12     3.37022e-19     1.03042e-19     5.22937e-17     9.71843e-13
         10.6407     9.34473e-10     9.96564e-13     5.33095e-18     5.24814e-17     1.76578e-16     8.09024e-13
         11.2188     8.04011e-10     8.53198e-13     1.29159e-17     1.46735e-18     5.83541e-17     6.93518e-13
         11.8283     6.91919e-10     7.21781e-13      4.1428e-18     2.12002e-18     7.35196e-18     5.86647e-13
         12.4709     5.95573e-10     6.14769e-13     2.56837e-21     4.15952e-21     8.74331e-20     4.99924e-13
         13.1484     5.12586e-10     5.21245e-13     6.98988e-22     1.05016e-19     7.02091e-18     4.23839e-13
         13.8628     4.41056e-10     4.38458e-13     6.23987e-19     4.77401e-18     8.57743e-18     3.56234e-13
         14.6159     3.79568e-10      3.7382e-13     1.69057e-18     2.41738e-19     1.84036e-18     3.03894e-13
           15.41     3.26736e-10     3.17276e-13     6.05588e-19     7.14409e-20      1.1251e-19      2.5795e-13
         16.2472     2.81277e-10     2.69494e-13     1.18334e-20     2.79127e-20     3.52112e-20     2.19143e-13
         17.1299     2.42185e-10     2.28643e-13     3.80368e-21     4.16459e-21     1.05278e-18     1.85899e-13
         18.0605     2.08582e-10     1.94173e-13     1.40148e-21     2.89612e-21     2.52799e-18     1.57874e-13
         19.0417     1.79705e-10     1.65022e-13     4.34033e-23     4.37228e-23     5.08838e-20     1.34176e-13
