#           k/h    P           
   0.100000E-03   0.373745E+03
   0.102020E-03   0.380318E+03
   0.104081E-03   0.387006E+03
   0.106184E-03   0.393813E+03
   0.108329E-03   0.400738E+03
   0.110517E-03   0.407786E+03
   0.112750E-03   0.414957E+03
   0.115027E-03   0.422254E+03
   0.117351E-03   0.429679E+03
   0.119722E-03   0.437235E+03
   0.122140E-03   0.444924E+03
   0.124608E-03   0.452747E+03
   0.127125E-03   0.460708E+03
   0.129693E-03   0.468809E+03
   0.132313E-03   0.477052E+03
   0.134986E-03   0.485440E+03
   0.137713E-03   0.493975E+03
   0.140495E-03   0.502660E+03
   0.143333E-03   0.511497E+03
   0.146228E-03   0.520489E+03
   0.149182E-03   0.529640E+03
   0.152196E-03   0.538950E+03
   0.155271E-03   0.548425E+03
   0.158407E-03   0.558065E+03
   0.161607E-03   0.567875E+03
   0.164872E-03   0.577857E+03
   0.168203E-03   0.588014E+03
   0.171601E-03   0.598349E+03
   0.175067E-03   0.608865E+03
   0.178604E-03   0.619565E+03
   0.182212E-03   0.630454E+03
   0.185893E-03   0.641533E+03
   0.189648E-03   0.652806E+03
   0.193479E-03   0.664277E+03
   0.197388E-03   0.675949E+03
   0.201375E-03   0.687825E+03
   0.205443E-03   0.699909E+03
   0.209594E-03   0.712205E+03
   0.213828E-03   0.724716E+03
   0.218147E-03   0.737447E+03
   0.222554E-03   0.750400E+03
   0.227050E-03   0.763580E+03
   0.231637E-03   0.776990E+03
   0.236316E-03   0.790635E+03
   0.241090E-03   0.804519E+03
   0.245960E-03   0.818645E+03
   0.250929E-03   0.833018E+03
   0.255998E-03   0.847643E+03
   0.261170E-03   0.862522E+03
   0.266446E-03   0.877662E+03
   0.271828E-03   0.893066E+03
   0.277319E-03   0.908739E+03
   0.282922E-03   0.924686E+03
   0.288637E-03   0.940911E+03
   0.294468E-03   0.957418E+03
   0.300417E-03   0.974214E+03
   0.306485E-03   0.991302E+03
   0.312677E-03   0.100869E+04
   0.318993E-03   0.102638E+04
   0.325437E-03   0.104437E+04
   0.332012E-03   0.106268E+04
   0.338719E-03   0.108131E+04
   0.345561E-03   0.110026E+04
   0.352542E-03   0.111954E+04
   0.359664E-03   0.113916E+04
   0.366930E-03   0.115911E+04
   0.374342E-03   0.117942E+04
   0.381904E-03   0.120007E+04
   0.389619E-03   0.122109E+04
   0.397490E-03   0.124246E+04
   0.405520E-03   0.126421E+04
   0.413712E-03   0.128633E+04
   0.422070E-03   0.130884E+04
   0.430596E-03   0.133173E+04
   0.439295E-03   0.135502E+04
   0.448169E-03   0.137871E+04
   0.457222E-03   0.140281E+04
   0.466459E-03   0.142733E+04
   0.475882E-03   0.145227E+04
   0.485496E-03   0.147763E+04
   0.495303E-03   0.150344E+04
   0.505309E-03   0.152968E+04
   0.515517E-03   0.155638E+04
   0.525931E-03   0.158353E+04
   0.536556E-03   0.161115E+04
   0.547395E-03   0.163924E+04
   0.558453E-03   0.166782E+04
   0.569734E-03   0.169688E+04
   0.581244E-03   0.172643E+04
   0.592986E-03   0.175649E+04
   0.604965E-03   0.178706E+04
   0.617186E-03   0.181816E+04
   0.629654E-03   0.184977E+04
   0.642374E-03   0.188193E+04
   0.655350E-03   0.191463E+04
   0.668589E-03   0.194789E+04
   0.682096E-03   0.198170E+04
   0.695875E-03   0.201609E+04
   0.709933E-03   0.205105E+04
   0.724274E-03   0.208661E+04
   0.738906E-03   0.212276E+04
   0.753832E-03   0.215952E+04
   0.769061E-03   0.219689E+04
   0.784597E-03   0.223489E+04
   0.800447E-03   0.227352E+04
   0.816617E-03   0.231280E+04
   0.833114E-03   0.235273E+04
   0.849944E-03   0.239333E+04
   0.867114E-03   0.243459E+04
   0.884631E-03   0.247654E+04
   0.902501E-03   0.251919E+04
   0.920733E-03   0.256253E+04
   0.939333E-03   0.260659E+04
   0.958309E-03   0.265137E+04
   0.977668E-03   0.269688E+04
   0.997418E-03   0.274314E+04
   0.101757E-02   0.279015E+04
   0.103812E-02   0.283793E+04
   0.105910E-02   0.288648E+04
   0.108049E-02   0.293582E+04
   0.110232E-02   0.298595E+04
   0.112459E-02   0.303689E+04
   0.114730E-02   0.308865E+04
   0.117048E-02   0.314123E+04
   0.119413E-02   0.319465E+04
   0.121825E-02   0.324893E+04
   0.124286E-02   0.330406E+04
   0.126797E-02   0.336007E+04
   0.129358E-02   0.341695E+04
   0.131971E-02   0.347473E+04
   0.134637E-02   0.353342E+04
   0.137357E-02   0.359301E+04
   0.140132E-02   0.365353E+04
   0.142963E-02   0.371499E+04
   0.145851E-02   0.377740E+04
   0.148797E-02   0.384076E+04
   0.151803E-02   0.390508E+04
   0.154870E-02   0.397039E+04
   0.157998E-02   0.403668E+04
   0.161190E-02   0.410397E+04
   0.164446E-02   0.417227E+04
   0.167768E-02   0.424159E+04
   0.171158E-02   0.431193E+04
   0.174615E-02   0.438332E+04
   0.178143E-02   0.445575E+04
   0.181741E-02   0.452923E+04
   0.185413E-02   0.460378E+04
   0.189158E-02   0.467941E+04
   0.192980E-02   0.475612E+04
   0.196878E-02   0.483392E+04
   0.200855E-02   0.491281E+04
   0.204913E-02   0.499282E+04
   0.209052E-02   0.507394E+04
   0.213276E-02   0.515619E+04
   0.217584E-02   0.523956E+04
   0.221979E-02   0.532407E+04
   0.226464E-02   0.540972E+04
   0.231039E-02   0.549652E+04
   0.235706E-02   0.558447E+04
   0.240467E-02   0.567358E+04
   0.245325E-02   0.576386E+04
   0.250281E-02   0.585530E+04
   0.255337E-02   0.594792E+04
   0.260495E-02   0.604170E+04
   0.265758E-02   0.613667E+04
   0.271126E-02   0.623281E+04
   0.276603E-02   0.633013E+04
   0.282191E-02   0.642863E+04
   0.287892E-02   0.652832E+04
   0.293708E-02   0.662918E+04
   0.299641E-02   0.673122E+04
   0.305694E-02   0.683445E+04
   0.311870E-02   0.693884E+04
   0.318170E-02   0.704441E+04
   0.324597E-02   0.715114E+04
   0.331155E-02   0.725904E+04
   0.337844E-02   0.736810E+04
   0.344669E-02   0.747830E+04
   0.351632E-02   0.758965E+04
   0.358735E-02   0.770212E+04
   0.365982E-02   0.781573E+04
   0.373376E-02   0.793044E+04
   0.380918E-02   0.804626E+04
   0.388613E-02   0.816316E+04
   0.396464E-02   0.828114E+04
   0.404473E-02   0.840018E+04
   0.412644E-02   0.852026E+04
   0.420980E-02   0.864136E+04
   0.429484E-02   0.876347E+04
   0.438160E-02   0.888657E+04
   0.447012E-02   0.901063E+04
   0.456042E-02   0.913563E+04
   0.465255E-02   0.926154E+04
   0.474653E-02   0.938835E+04
   0.484242E-02   0.951601E+04
   0.494024E-02   0.964451E+04
   0.504004E-02   0.977381E+04
   0.514186E-02   0.990388E+04
   0.524573E-02   0.100347E+05
   0.535170E-02   0.101662E+05
   0.545981E-02   0.102983E+05
   0.557011E-02   0.104311E+05
   0.568263E-02   0.105645E+05
   0.579743E-02   0.106984E+05
   0.591455E-02   0.108328E+05
   0.603403E-02   0.109676E+05
   0.615592E-02   0.111028E+05
   0.628028E-02   0.112384E+05
   0.640715E-02   0.113742E+05
   0.653658E-02   0.115103E+05
   0.666863E-02   0.116465E+05
   0.680335E-02   0.117828E+05
   0.694078E-02   0.119192E+05
   0.708100E-02   0.120556E+05
   0.722404E-02   0.121919E+05
   0.736998E-02   0.123280E+05
   0.751886E-02   0.124638E+05
   0.767075E-02   0.125994E+05
   0.782571E-02   0.127345E+05
   0.798380E-02   0.128692E+05
   0.814509E-02   0.130034E+05
   0.830963E-02   0.131368E+05
   0.847750E-02   0.132696E+05
   0.864875E-02   0.134015E+05
   0.882347E-02   0.135325E+05
   0.900171E-02   0.136624E+05
   0.918356E-02   0.137913E+05
   0.936908E-02   0.139189E+05
   0.955835E-02   0.140451E+05
   0.975144E-02   0.141699E+05
   0.994843E-02   0.142932E+05
   0.101494E-01   0.144147E+05
   0.103544E-01   0.145344E+05
   0.105636E-01   0.146522E+05
   0.107770E-01   0.147680E+05
   0.109947E-01   0.148816E+05
   0.112168E-01   0.149928E+05
   0.114434E-01   0.151016E+05
   0.116746E-01   0.152077E+05
   0.119104E-01   0.153112E+05
   0.121510E-01   0.154117E+05
   0.123965E-01   0.155092E+05
   0.126469E-01   0.156035E+05
   0.129024E-01   0.156945E+05
   0.131631E-01   0.157819E+05
   0.134290E-01   0.158657E+05
   0.137003E-01   0.159456E+05
   0.139770E-01   0.160216E+05
   0.142594E-01   0.160934E+05
   0.145474E-01   0.161608E+05
   0.148413E-01   0.162237E+05
   0.151411E-01   0.162819E+05
   0.154470E-01   0.163353E+05
   0.157590E-01   0.163836E+05
   0.160774E-01   0.164267E+05
   0.164022E-01   0.164644E+05
   0.167335E-01   0.164965E+05
   0.170716E-01   0.165228E+05
   0.174164E-01   0.165432E+05
   0.177683E-01   0.165575E+05
   0.181272E-01   0.165655E+05
   0.184934E-01   0.165670E+05
   0.188670E-01   0.165618E+05
   0.192481E-01   0.165499E+05
   0.196370E-01   0.165309E+05
   0.200337E-01   0.165048E+05
   0.204384E-01   0.164714E+05
   0.208513E-01   0.164306E+05
   0.212725E-01   0.163821E+05
   0.217022E-01   0.163260E+05
   0.221406E-01   0.162619E+05
   0.225879E-01   0.161900E+05
   0.230442E-01   0.161099E+05
   0.235097E-01   0.160217E+05
   0.239847E-01   0.159252E+05
   0.244692E-01   0.158205E+05
   0.249635E-01   0.157074E+05
   0.254678E-01   0.155859E+05
   0.259823E-01   0.154560E+05
   0.265072E-01   0.153177E+05
   0.270426E-01   0.151711E+05
   0.275889E-01   0.150161E+05
   0.281463E-01   0.148529E+05
   0.287149E-01   0.146816E+05
   0.292949E-01   0.145022E+05
   0.298867E-01   0.143149E+05
   0.304905E-01   0.141200E+05
   0.311064E-01   0.139175E+05
   0.317348E-01   0.137078E+05
   0.323759E-01   0.134910E+05
   0.330299E-01   0.132675E+05
   0.336972E-01   0.130377E+05
   0.343779E-01   0.128017E+05
   0.350724E-01   0.125601E+05
   0.357809E-01   0.123132E+05
   0.365038E-01   0.120614E+05
   0.372412E-01   0.118052E+05
   0.379935E-01   0.115451E+05
   0.387610E-01   0.112816E+05
   0.395440E-01   0.110152E+05
   0.403429E-01   0.107465E+05
   0.411579E-01   0.104759E+05
   0.419893E-01   0.102042E+05
   0.428375E-01   0.993174E+04
   0.437029E-01   0.965923E+04
   0.445858E-01   0.938722E+04
   0.454865E-01   0.911629E+04
   0.464053E-01   0.884699E+04
   0.473428E-01   0.857987E+04
   0.482992E-01   0.831548E+04
   0.492749E-01   0.805431E+04
   0.502703E-01   0.779684E+04
   0.512858E-01   0.754352E+04
   0.523219E-01   0.729476E+04
   0.533789E-01   0.705092E+04
   0.544572E-01   0.681232E+04
   0.555573E-01   0.657921E+04
   0.566796E-01   0.635183E+04
   0.578246E-01   0.613031E+04
   0.589927E-01   0.591475E+04
   0.601845E-01   0.570519E+04
   0.614003E-01   0.550160E+04
   0.626407E-01   0.530389E+04
   0.639061E-01   0.511190E+04
   0.651971E-01   0.492542E+04
   0.665142E-01   0.474417E+04
   0.678578E-01   0.456784E+04
   0.692287E-01   0.439605E+04
   0.706272E-01   0.422840E+04
   0.720539E-01   0.406444E+04
   0.735095E-01   0.390370E+04
   0.749945E-01   0.374570E+04
   0.765095E-01   0.358997E+04
   0.780551E-01   0.343605E+04
   0.796319E-01   0.328350E+04
   0.812406E-01   0.313194E+04
   0.828817E-01   0.298106E+04
   0.845561E-01   0.283062E+04
   0.862642E-01   0.268048E+04
   0.880068E-01   0.253060E+04
   0.897847E-01   0.238108E+04
   0.915985E-01   0.223214E+04
   0.934489E-01   0.208413E+04
   0.953367E-01   0.193754E+04
   0.972626E-01   0.179295E+04
   0.992274E-01   0.165109E+04
   0.101232E+00   0.151272E+04
   0.103277E+00   0.137868E+04
   0.105363E+00   0.124982E+04
   0.107492E+00   0.112696E+04
   0.109663E+00   0.101087E+04
   0.111879E+00   0.902210E+03
   0.114139E+00   0.801520E+03
   0.116445E+00   0.709172E+03
   0.118797E+00   0.625364E+03
   0.121197E+00   0.550112E+03
   0.123645E+00   0.483246E+03
   0.126143E+00   0.424432E+03
   0.128691E+00   0.373188E+03
   0.131291E+00   0.328915E+03
   0.133943E+00   0.290925E+03
   0.136649E+00   0.258476E+03
   0.139409E+00   0.230800E+03
   0.142226E+00   0.207129E+03
   0.145099E+00   0.186717E+03
   0.148030E+00   0.168861E+03
   0.151020E+00   0.152918E+03
   0.154071E+00   0.138326E+03
   0.157184E+00   0.124618E+03
   0.160359E+00   0.111445E+03
   0.163598E+00   0.985859E+02
   0.166903E+00   0.859572E+02
   0.170275E+00   0.736081E+02
   0.173715E+00   0.617007E+02
   0.177224E+00   0.504746E+02
   0.180804E+00   0.401994E+02
   0.184457E+00   0.311226E+02
   0.188183E+00   0.234216E+02
   0.191985E+00   0.171714E+02
   0.195863E+00   0.123335E+02
   0.199820E+00   0.877017E+01
   0.203856E+00   0.627613E+01
   0.207974E+00   0.462023E+01
   0.212176E+00   0.358273E+01
   0.216462E+00   0.297880E+01
   0.220835E+00   0.266408E+01
   0.225296E+00   0.252613E+01
   0.229847E+00   0.247099E+01
   0.234490E+00   0.241545E+01
   0.239227E+00   0.229054E+01
   0.244060E+00   0.205425E+01
   0.248990E+00   0.170434E+01
   0.254020E+00   0.128062E+01
   0.259152E+00   0.850915E+00
   0.264387E+00   0.484614E+00
   0.269728E+00   0.225859E+00
   0.275177E+00   0.798356E-01
   0.280736E+00   0.187345E-01
   0.286407E+00   0.244146E-02
   0.292193E+00   0.461227E-03
   0.298096E+00   0.194920E-02
   0.304118E+00   0.100141E-01
   0.310261E+00   0.279141E-01
   0.316529E+00   0.497299E-01
   0.322923E+00   0.627824E-01
   0.329447E+00   0.581457E-01
   0.336102E+00   0.385870E-01
   0.342892E+00   0.162859E-01
   0.349819E+00   0.270667E-02
   0.356885E+00   0.129476E-03
   0.364095E+00   0.268651E-02
   0.371450E+00   0.357798E-02
   0.378954E+00   0.161100E-02
   0.386609E+00   0.435320E-05
   0.394419E+00   0.108152E-02
   0.402387E+00   0.330318E-02
   0.410516E+00   0.384753E-02
   0.418809E+00   0.222191E-02
   0.427269E+00   0.423496E-03
   0.435901E+00   0.389922E-04
   0.444706E+00   0.529350E-03
   0.453690E+00   0.637870E-03
   0.462855E+00   0.219793E-03
   0.472206E+00   0.178594E-06
   0.481745E+00   0.200683E-03
   0.491477E+00   0.343451E-03
   0.501405E+00   0.186587E-03
   0.511534E+00   0.129136E-04
   0.521868E+00   0.278708E-04
   0.532411E+00   0.774256E-04
   0.543166E+00   0.384569E-04
   0.554139E+00   0.119905E-06
   0.565333E+00   0.191528E-04
   0.576753E+00   0.295682E-04
   0.588404E+00   0.882844E-05
   0.600291E+00   0.343446E-06
   0.612418E+00   0.677353E-05
   0.624789E+00   0.450918E-05
   0.637411E+00   0.103695E-07
   0.650288E+00   0.188213E-05
   0.663424E+00   0.210681E-05
   0.676826E+00   0.163072E-06
   0.690499E+00   0.364652E-06
   0.704448E+00   0.576086E-06
   0.718679E+00   0.407867E-07
   0.733197E+00   0.116060E-06
   0.748009E+00   0.137679E-06
   0.763119E+00   0.266262E-09
   0.778536E+00   0.617142E-07
   0.794263E+00   0.395863E-07
   0.810308E+00   0.185616E-09
   0.826677E+00   0.596871E-07
   0.843378E+00   0.268572E-07
   0.860415E+00   0.234494E-08
   0.877797E+00   0.126190E-08
   0.895529E+00   0.163229E-08
   0.913620E+00   0.173945E-08
   0.932076E+00   0.867328E-09
   0.950906E+00   0.157489E-09
   0.970115E+00   0.312124E-10
   0.989713E+00   0.287614E-10
   0.100971E+01   0.748685E-10
   0.103010E+01   0.825732E-10
   0.105091E+01   0.281951E-10
   0.107214E+01   0.221421E-10
   0.109380E+01   0.139824E-09
   0.111590E+01   0.164127E-08
   0.113844E+01   0.670340E-08
   0.116144E+01   0.103786E-07
   0.118490E+01   0.127157E-07
   0.120884E+01   0.159588E-07
   0.123326E+01   0.183284E-07
   0.125817E+01   0.186383E-07
   0.128359E+01   0.186067E-07
   0.130952E+01   0.195514E-07
   0.133597E+01   0.201743E-07
   0.136296E+01   0.189509E-07
   0.139049E+01   0.172387E-07
   0.141858E+01   0.169678E-07
   0.144724E+01   0.178820E-07
   0.147648E+01   0.180853E-07
   0.150630E+01   0.168057E-07
   0.153673E+01   0.153471E-07
   0.156778E+01   0.145378E-07
   0.159945E+01   0.139646E-07
   0.163176E+01   0.131460E-07
   0.166472E+01   0.120905E-07
   0.169835E+01   0.109746E-07
   0.173266E+01   0.988790E-08
   0.176766E+01   0.885825E-08
   0.180337E+01   0.788277E-08
   0.183980E+01   0.692980E-08
   0.187697E+01   0.595296E-08
   0.191489E+01   0.485658E-08
   0.195357E+01   0.370256E-08
   0.199304E+01   0.294048E-08
   0.203330E+01   0.283001E-08
   0.207437E+01   0.284582E-08
   0.211628E+01   0.196581E-08
   0.215903E+01   0.906467E-09
   0.220265E+01   0.558456E-09
   0.224714E+01   0.731446E-09
   0.229254E+01   0.103436E-08
   0.233885E+01   0.692998E-09
   0.238610E+01   0.261460E-09
   0.243430E+01   0.106787E-09
   0.248348E+01   0.745739E-10
   0.253365E+01   0.115218E-09
   0.258483E+01   0.271599E-09
   0.263705E+01   0.205662E-09
   0.269032E+01   0.190721E-10
   0.274466E+01   0.150276E-11
   0.280011E+01   0.105450E-11
   0.285668E+01   0.443429E-11
   0.291439E+01   0.186036E-10
   0.297326E+01   0.292867E-10
   0.303332E+01   0.152408E-10
   0.309460E+01   0.347018E-11
   0.315712E+01   0.964583E-12
   0.322090E+01   0.778439E-12
   0.328596E+01   0.149945E-11
   0.335234E+01   0.399377E-11
   0.342006E+01   0.448083E-11
   0.348916E+01   0.491326E-12
   0.355964E+01   0.110837E-13
   0.363155E+01   0.117716E-14
   0.370491E+01   0.313879E-14
   0.377976E+01   0.379686E-13
   0.385611E+01   0.328510E-12
   0.393401E+01   0.125816E-11
   0.401348E+01   0.197148E-11
   0.409456E+01   0.134705E-11
   0.417727E+01   0.466964E-12
   0.426166E+01   0.109152E-12
   0.434775E+01   0.265850E-13
   0.443558E+01   0.950760E-14
   0.452519E+01   0.559566E-14
   0.461660E+01   0.558356E-14
   0.470987E+01   0.755162E-14
   0.480501E+01   0.996452E-14
   0.490208E+01   0.675246E-14
   0.500111E+01   0.106509E-14
   0.510214E+01   0.773683E-16
   0.520521E+01   0.304866E-16
   0.531036E+01   0.195387E-15
   0.541763E+01   0.171935E-14
   0.552708E+01   0.198066E-14
   0.563873E+01   0.814405E-15
   0.575264E+01   0.845401E-15
   0.586885E+01   0.361568E-14
   0.598741E+01   0.393047E-13
   0.610836E+01   0.432958E-12
   0.623176E+01   0.112756E-11
   0.635765E+01   0.377437E-12
   0.648609E+01   0.849881E-13
   0.661711E+01   0.695861E-13
   0.675079E+01   0.186208E-12
   0.688716E+01   0.769593E-12
   0.702629E+01   0.158288E-11
   0.716823E+01   0.415533E-12
   0.731304E+01   0.173729E-13
   0.746077E+01   0.123752E-14
   0.761149E+01   0.810450E-15
   0.776525E+01   0.267332E-14
   0.792212E+01   0.165853E-13
   0.808217E+01   0.738892E-13
   0.824543E+01   0.993310E-13
   0.841200E+01   0.575283E-13
   0.858193E+01   0.492385E-13
   0.875530E+01   0.789716E-13
   0.893217E+01   0.702645E-13
   0.911261E+01   0.181132E-13
   0.929670E+01   0.509476E-14
   0.948451E+01   0.633938E-14
   0.967610E+01   0.240253E-13
   0.987158E+01   0.970212E-13
   0.100710E+02   0.164793E-12
   0.102744E+02   0.520137E-13
   0.104820E+02   0.371940E-14
   0.106938E+02   0.340759E-15
   0.109098E+02   0.135751E-15
   0.111302E+02   0.110773E-15
   0.113550E+02   0.731022E-16
   0.115844E+02   0.603496E-16
   0.118184E+02   0.156009E-15
   0.120572E+02   0.856959E-15
   0.123007E+02   0.235661E-14
   0.125492E+02   0.189893E-14
   0.128027E+02   0.118837E-14
   0.130614E+02   0.116000E-14
   0.133252E+02   0.909219E-15
   0.135944E+02   0.261798E-15
   0.138691E+02   0.403236E-16
   0.141492E+02   0.795346E-17
   0.144351E+02   0.420447E-17
   0.147267E+02   0.109277E-16
   0.150242E+02   0.893384E-16
   0.153277E+02   0.247296E-15
   0.156373E+02   0.578130E-16
   0.159532E+02   0.994899E-17
   0.162755E+02   0.153963E-16
   0.166043E+02   0.891476E-16
   0.169397E+02   0.186385E-15
   0.172819E+02   0.101500E-15
   0.176310E+02   0.653778E-16
   0.179872E+02   0.809460E-16
   0.183505E+02   0.435963E-16
   0.187212E+02   0.436389E-17
   0.190994E+02   0.804584E-18
   0.194853E+02   0.342811E-17
   0.198789E+02   0.706449E-16
   0.202805E+02   0.222368E-15
   0.206902E+02   0.428229E-16
